time	ret	ldp	lep	rf	yield
1926.75	0.0174559116	-2.9947737622	-2.6659540002	0.0301896712	0.0144039669
1927.00	0.0457451661	-3.0115816397	-2.7025913303	0.0333090428	0.0118555091
1927.25	0.0329666425	-3.0160615080	-2.7657065684	0.0322929252	0.0124892176
1927.50	0.1358605838	-3.0932649283	-2.9085489381	0.0274400544	0.0169595329
1927.75	0.0427715194	-3.1260071106	-2.9535974379	0.0336765264	0.0099575107
1928.00	0.0614384358	-3.1746093267	-3.0230223497	0.0331155762	0.0105184608
1928.25	0.0073603680	-3.1676254824	-3.0157329403	0.0385089214	0.0061775962
1928.50	0.0967614974	-3.2739521667	-3.1130182404	0.0470457865	-0.0019768231
1928.75	0.1194384904	-3.3761416287	-3.2333538440	0.0439403275	0.0024789327
1929.00	0.0330135919	-3.3834392218	-3.2631228582	0.0454321514	0.0004967805
1929.25	0.0419835497	-3.3924140191	-3.3245582203	0.0447821428	0.0018151426
1929.50	0.0630802073	-3.4290725389	-3.3955766031	0.0465209247	0.0003626612
1929.75	-0.3444024860	-3.0762975716	-3.0381094783	0.0307910524	0.0173659309
1930.00	0.1452287753	-3.1958870213	-3.1926596497	0.0271870598	0.0179774921
1930.25	-0.2161015688	-3.0165758913	-2.9829153198	0.0172700112	0.0274165065
1930.50	-0.0950854567	-2.9353422765	-2.8826499187	0.0140902643	0.0291607777
1930.75	-0.1980009355	-2.7900518278	-2.6864469105	0.0159619279	0.0347630018
1931.00	0.0932464264	-2.9419373500	-2.7630286880	0.0128668657	0.0341328068
1931.25	-0.1200524410	-2.8324690442	-2.6378650209	0.0059323687	0.0363562875
1931.50	-0.4068602532	-2.5169152640	-2.2064635458	0.0138141438	0.0355553203
1931.75	-0.1618189171	-2.4217897026	-2.0205693876	0.0188806338	0.0242958056
1932.00	-0.0742811472	-2.4490481705	-1.9225964251	0.0133702189	0.0372542729
1932.25	-0.4436232680	-2.1565156971	-1.4280265716	0.0035437136	0.0496519337
1932.50	0.5643952894	-2.7838295917	-2.0355965165	0.0020279423	0.0439009896
1932.75	-0.1538521987	-2.7258844022	-1.8821176386	0.0012691942	0.0436085645
1933.00	-0.1165238806	-2.6814490028	-1.7304968683	0.0151250377	0.0356489566
1933.25	0.6377375527	-3.3498907319	-2.3687795320	0.0025367797	0.0413566323
1933.50	-0.0987870371	-3.3093625115	-2.2776155457	0.0010094903	0.0414070800
1933.75	0.0286180664	-3.3252937157	-2.3176271705	0.0063199867	0.0392084644
1934.00	0.1008845902	-3.3837411255	-2.3915652285	0.0007597113	0.0397102212
1934.25	-0.0668476976	-3.3041882520	-2.3108855946	0.0007597113	0.0377876983
1934.50	-0.0598229215	-3.1457073569	-2.2476524014	0.0012691942	0.0378265335
1934.75	0.0638870241	-3.1759803771	-2.3011329350	0.0010094903	0.0366324079
1935.00	-0.0909809826	-3.0680891767	-2.1997681296	0.0015188460	0.0345237454
1935.25	0.1731119553	-3.2069197489	-2.4069451083	0.0015188460	0.0339448183
1935.50	0.1223422967	-3.3102670949	-2.5389796247	0.0020279423	0.0337517681
1935.75	0.1631934721	-3.3869540492	-2.7001415646	0.0015188460	0.0323027025
1936.00	0.0978219716	-3.4352210773	-2.8150469613	0.0020279423	0.0303424377
1936.25	-0.0074488905	-3.3390999657	-2.8110857971	0.0015188460	0.0303673429
1936.50	0.0874951726	-3.3337335992	-2.8918471455	0.0018283276	0.0294765222
1936.75	0.1020939776	-3.2022152799	-2.9692392884	0.0020279423	0.0289105158
1937.00	0.0410095710	-3.2100132358	-3.0067796298	0.0060715309	0.0276035914
1937.25	-0.1291095614	-3.0311941768	-2.8471712400	0.0035437136	0.0289291593
1937.50	-0.1119210056	-2.9040291803	-2.7283741873	0.0025367797	0.0302456182
1937.75	-0.2293358962	-2.6769036791	-2.4718631505	0.0010094903	0.0311856456
1938.00	-0.2065480960	-2.5129121900	-2.2803436011	0.0008596304	0.0311825767
1938.25	0.3076731642	-2.8755727093	-2.6113940039	-0.0001600128	0.0326100340
1938.50	0.0503408107	-3.0013919636	-2.6926930626	0.0002999550	0.0312956066
1938.75	0.0963143015	-3.2863331767	-2.7862760825	-0.0007002451	0.0318663714
1939.00	-0.1542364133	-3.1046883901	-2.6260216706	-0.0001500113	0.0298617902
1939.25	0.0089181544	-3.1148836869	-2.6406152280	-0.0003200512	0.0294920536
1939.50	0.1763858454	-3.2258100212	-2.8490568995	0.0002499688	0.0317330771
1939.75	-0.0118417587	-3.0848511322	-2.8259918293	-0.0002700365	0.0296663464
1940.00	0.0078280985	-3.0453108162	-2.7995852010	-0.0008503615	0.0296856092
1940.25	-0.1830460431	-2.7918724174	-2.5913424308	0.0004099160	0.0287604613
1940.50	0.0779390696	-2.8361531882	-2.6568858112	-0.0002400288	0.0295111473
1940.75	0.0197912546	-2.8251143985	-2.6472482231	-0.0009004052	0.0282203935
1941.00	-0.0374468184	-2.7482019547	-2.5660239946	-0.0003600648	0.0281853295
1941.25	0.0164240640	-2.7225019859	-2.5342198518	0.0005098700	0.0268134257
1941.50	0.0474297856	-2.7484913860	-2.5488082126	0.0006098140	0.0266187974
1941.75	-0.1208625777	-2.5738086461	-2.3775573648	0.0030353885	0.0255872247
1942.00	-0.0860774648	-2.4892332533	-2.2767056450	0.0022774047	0.0271891641
1942.25	0.0392744838	-2.5445744943	-2.2956812685	0.0035935355	0.0251657435
1942.50	0.0777098744	-2.6348046471	-2.3441135517	0.0037230608	0.0240515244
1942.75	0.1145455761	-2.7789135225	-2.4249204399	0.0036433549	0.0241687249
1943.00	0.1898651065	-2.9536519973	-2.5768287931	0.0036433549	0.0237320970
1943.25	0.0781566010	-3.0144312078	-2.6226342256	0.0036433549	0.0234424209
1943.50	-0.0116628105	-2.9832889711	-2.5828444510	0.0036433549	0.0231503222
1943.75	-0.0120750423	-2.9514171646	-2.5347127540	0.0036433549	0.0236371060
1944.00	0.0449719892	-2.9730085611	-2.5524446733	0.0035935355	0.0236371060
1944.25	0.0874143682	-3.0284859706	-2.6178658971	0.0035935355	0.0235397682
1944.50	-0.0006949245	-3.0147766271	-2.5915721376	0.0036234275	0.0234224889
1944.75	0.0583305356	-3.0365071073	-2.6185241046	0.0036234275	0.0237261859
1945.00	0.0404349356	-3.0661330128	-2.6408918559	0.0036234275	0.0224484944
1945.25	0.0960952040	-3.1525455643	-2.7283927469	0.0036234275	0.0223510428
1945.50	0.0823329732	-3.2107846578	-2.7996852119	0.0036234275	0.0224484944
1945.75	0.1022866117	-3.3161737633	-2.8667474914	0.0036234275	0.0223510428
1946.00	0.0586850818	-3.3436008188	-2.9068789362	0.0036732454	0.0209857217
1946.25	0.0393745179	-3.3779021461	-2.9344376136	0.0036732454	0.0211808818
1946.50	-0.1986186242	-3.1596816279	-2.7305884512	0.0036732454	0.0220586309
1946.75	0.0356934506	-3.1120879440	-2.7515276889	0.0036732454	0.0226002217
1947.00	-0.0147475801	-3.0578665030	-2.7435155292	0.0036732454	0.0217661334
1947.25	-0.0078516405	-2.9774893395	-2.7449796166	0.0036732454	0.0217661334
1947.50	0.0168320729	-2.9373292002	-2.7321416150	0.0082359909	0.0183328961
1947.75	0.0332956840	-2.8899384364	-2.7235132386	0.0094947816	0.0194173234
1948.00	-0.0053104803	-2.8296177211	-2.6801264427	0.0099008247	0.0181645648
1948.25	0.1063340664	-2.9084969778	-2.7547553019	0.0099503309	0.0173845722
1948.50	-0.0805427286	-2.7933945196	-2.6420117516	0.0060715309	0.0221911251
1948.75	-0.0060574219	-2.7214971444	-2.5901465706	0.0114047183	0.0164196994
1949.00	0.0109850071	-2.6969210553	-2.5473627625	0.0115035794	0.0152965340
1949.25	-0.0455183602	-2.6208737469	-2.4517117520	0.0108014537	0.0161456090
1949.50	0.1089596764	-2.7092687071	-2.5154268044	0.0105046326	0.0152719706
1949.75	0.0986446610	-2.7511191019	-2.5637716503	0.0108014537	0.0149285821
1950.00	0.0399132423	-2.7674919305	-2.5721178469	0.0113552840	0.0143251624
1950.25	0.0203118798	-2.7646211369	-2.5677231273	0.0116123153	0.0143689658
1950.50	0.1097295934	-2.7743602354	-2.6310177543	0.0132123315	0.0130524680
1950.75	0.0793645374	-2.7354773758	-2.6470509773	0.0135675432	0.0129006220
1951.00	0.0468352330	-2.7466477519	-2.6674712268	0.0150757871	0.0126699236
1951.25	-0.0036547846	-2.7045273260	-2.6220979487	0.0156764794	0.0141170528
1951.50	0.1174319496	-2.8258293652	-2.7059028951	0.0165719240	0.0119536976
1951.75	0.0133715051	-2.9082369606	-2.7040615320	0.0177318573	0.0128086007
1952.00	0.0311850400	-2.9076901103	-2.7079681465	0.0152235318	0.0148139261
1952.25	0.0167501934	-2.8962990383	-2.7107581913	0.0175255269	0.0114800606
1952.50	-0.0196532881	-2.8729067474	-2.6730291134	0.0169259446	0.0139679097
1952.75	0.0778401315	-2.9512680622	-2.7323960174	0.0201261044	0.0099159525
1953.00	-0.0220606084	-2.9307673284	-2.6633689805	0.0203808914	0.0110283943
1953.25	-0.0435410898	-2.8890628345	-2.5972071646	0.0200280921	0.0168333456
1953.50	-0.0233702069	-2.8529800528	-2.5435447435	0.0153220161	0.0185167857
1953.75	0.0702483084	-2.9004484486	-2.5830660528	0.0138733189	0.0179631488
1954.00	0.1017646649	-2.9796249805	-2.6440059007	0.0101483311	0.0184067519
1954.25	0.0810079841	-3.0366621869	-2.7032879216	0.0062703005	0.0226252661
1954.50	0.0870288608	-3.0917121300	-2.7821950635	0.0098513161	0.0197089394
1954.75	0.1261922241	-3.1625036232	-2.8669045929	0.0099998346	0.0189936252
1955.00	0.0342556414	-3.1780308394	-2.8587259733	0.0140212414	0.0165504955
1955.25	0.1033151369	-3.2506895780	-2.9470929976	0.0147211108	0.0168416587
1955.50	0.0182724590	-3.2463649902	-2.9817066069	0.0213700257	0.0097340253
1955.75	0.0538323509	-3.2500135071	-2.9924087643	0.0248096789	0.0068484090
1956.00	0.0695466832	-3.2791419618	-3.0263836795	0.0228176853	0.0091885454
1956.25	-0.0154189600	-3.2325217094	-2.9657936657	0.0240094525	0.0100053391
1956.50	-0.0380403109	-3.1813221774	-2.9043960747	0.0289858226	0.0082319356
1956.75	0.0378910436	-3.2261448972	-2.9097680412	0.0324091052	0.0068571918
1957.00	-0.0364854377	-3.1749587265	-2.8325221298	0.0295782195	0.0075238925
1957.25	0.0668107922	-3.2344035514	-2.8849400512	0.0323026074	0.0080973667
1957.50	-0.1107175640	-3.1132318441	-2.7565928711	0.0342758150	0.0103685897
1957.75	-0.0659313371	-3.0680166414	-2.6814016960	0.0273914066	0.0108475640
1958.00	0.0601856798	-3.1234077186	-2.7198475454	0.0108014537	0.0258152632
1958.25	0.0802755612	-3.1965158456	-2.7821836786	0.0073826808	0.0282508813
1958.50	0.1092069694	-3.2869440707	-2.8762194790	0.0265932443	0.0228845162
1958.75	0.1004129310	-3.3891879380	-2.9688376438	0.0267490333	0.0154238729
1959.00	0.0174575298	-3.4110960760	-2.9665798358	0.0285874569	0.0171441073
1959.25	0.0497866799	-3.4581682590	-3.0110707906	0.0320605247	0.0173427031
1959.50	-0.0330264084	-3.4305028972	-2.9745103952	0.0406907859	0.0090341797
1959.75	0.0487075560	-3.4609622906	-3.0169100319	0.0434425578	0.0049558438
1960.00	-0.0816968075	-3.3738410468	-2.9292361919	0.0302769909	0.0188579115
1960.25	0.0304144594	-3.3904435012	-2.9513187041	0.0219180353	0.0264353941
1960.50	-0.0576738671	-3.3251664606	-2.8851165325	0.0231206460	0.0174560302
1960.75	0.0828421855	-3.4092086185	-2.9638088142	0.0221234615	0.0219938139
1961.00	0.1222965875	-3.5206574955	-3.0746164662	0.0239606374	0.0204925601
1961.25	-0.0043908628	-3.5250011074	-3.0657200050	0.0225146328	0.0216943801
1961.50	0.0294652475	-3.5239677369	-3.0929174305	0.0223190662	0.0231476124
1961.75	0.0666634409	-3.5715535940	-3.1564851800	0.0265542932	0.0183925895
1962.00	-0.0291766498	-3.5388831531	-3.1202055036	0.0274984287	0.0165165294
1962.25	-0.2467199637	-3.2946384255	-2.8717785643	0.0289858226	0.0130887373
1962.50	0.0272340342	-3.3384593037	-2.8897677108	0.0273914066	0.0154951998
1962.75	0.1110281408	-3.4161693009	-2.9942278590	0.0292383626	0.0124136463
1963.00	0.0534388141	-3.4597849110	-3.0376846699	0.0290829609	0.0129153711
1963.25	0.0404964506	-3.4671441034	-3.0685215471	0.0298791393	0.0120166492
1963.50	0.0293696663	-3.4808674880	-3.0906868681	0.0338408832	0.0084528427
1963.75	0.0343318524	-3.4908949243	-3.1244385205	0.0352223457	0.0083432855
1964.00	0.0507120296	-3.5246295440	-3.1635981704	0.0352706141	0.0081959787
1964.25	0.0275930424	-3.5274398534	-3.1846121973	0.0343337916	0.0096141169
1964.50	0.0295986817	-3.5305996077	-3.2011262309	0.0354154052	0.0086274177
1964.75	0.0061291745	-3.5244973894	-3.1949749495	0.0374402830	0.0097466940
1965.00	0.0253690190	-3.5365000581	-3.1991665076	0.0391630192	0.0060708709
1965.25	-0.0347722440	-3.4923534659	-3.1637486505	0.0379314208	0.0065020422
1965.50	0.0687533672	-3.5441327546	-3.2200993387	0.0400472945	0.0051221660
1965.75	0.0351704737	-3.5516226445	-3.2363240368	0.0446195746	0.0039627515
1966.00	-0.0294186899	-3.5075484942	-3.1898002369	0.0449160026	0.0047960806
1966.25	-0.0517989228	-3.4366623406	-3.1255952958	0.0454512629	0.0052483540
1966.50	-0.1097969864	-3.3191055391	-3.0104031067	0.0527916713	0.0031616902
1966.75	0.0493810882	-3.3759597606	-3.0443886237	0.0477991971	0.0087678061
1967.00	0.1223657185	-3.4795073995	-3.1469677684	0.0398551273	0.0102108042
1967.25	0.0171149391	-3.4891581250	-3.1395929618	0.0392207132	0.0165724554
1967.50	0.0647343049	-3.5372296433	-3.1928247784	0.0435861707	0.0142611709
1967.75	0.0007149689	-3.5342059515	-3.1780745624	0.0499513944	0.0175463931
1968.00	-0.0789630503	-3.4601907787	-3.0966680032	0.0505505186	0.0119264599
1968.25	0.1142957623	-3.5622678418	-3.1795411781	0.0525355225	0.0094061620
1968.50	0.0248334313	-3.5823650371	-3.1934636656	0.0503033045	0.0076540169
1968.75	0.0183393624	-3.6056276262	-3.1880983309	0.0617345938	0.0033027708
1969.00	-0.0482770933	-3.5557254712	-3.1495218062	0.0592024345	0.0140334331
1969.25	-0.0598838280	-3.4979662175	-3.0974491777	0.0620165938	0.0046753356
1969.50	-0.0574590017	-3.4507517422	-3.0354943703	0.0683499982	0.0018217068
1969.75	-0.0165174998	-3.4471680067	-3.0107808489	0.0785708558	0.0086990717
1970.00	-0.0477958531	-3.4116553994	-2.9717555965	0.0620635860	0.0133021027
1970.25	-0.2493463686	-3.1950863058	-2.7504483994	0.0621669612	0.0237873256
1970.50	0.1493985392	-3.3436376880	-2.8870321449	0.0575611105	0.0212341260
1970.75	0.0731243130	-3.4173567164	-2.9662208835	0.0479517175	0.0301891569
1971.00	0.0984958865	-3.5168263187	-3.0399099236	0.0339375510	0.0361265404
1971.25	-0.0089210056	-3.4971612936	-3.0219506232	0.0515197687	0.0246510397
1971.50	-0.0186455166	-3.4979514474	-2.9960373842	0.0452601314	0.0274488741
1971.75	0.0309658484	-3.5369312982	-3.0207763535	0.0366019024	0.0370315959
1972.00	0.0583940699	-3.6056040875	-3.0574389872	0.0373921192	0.0356619654
1972.25	-0.0094628442	-3.5994285878	-3.0445527723	0.0399512155	0.0341974468
1972.50	0.0130359260	-3.6170103463	-3.0631756580	0.0451549935	0.0263753837
1972.75	0.0566875820	-3.6741717587	-3.1155981630	0.0503508504	0.0208833381
1973.00	-0.0884622525	-3.5918593103	-3.0440472995	0.0629841888	0.0132762957
1973.25	-0.0947800569	-3.4930649035	-2.9609055793	0.0734827768	-0.0006145080
1973.50	0.0527119314	-3.5351813656	-2.9829944152	0.0685741172	0.0027446346
1973.75	-0.1308854400	-3.3835076825	-2.8585810948	0.0732225803	0.0029389355
1974.00	-0.0352911823	-3.3355461976	-2.8027912728	0.0810913884	-0.0045263576
1974.25	-0.1279330677	-3.1992600356	-2.6948958215	0.0720415529	0.0073004844
1974.50	-0.3020437003	-2.9137395985	-2.3724467486	0.0627118538	0.0285057136
1974.75	0.0657002693	-2.9822638293	-2.4303405663	0.0693674680	0.0218458557
1975.00	0.1982236350	-3.1578252716	-2.6103001456	0.0548385027	0.0317492920
1975.25	0.1357639784	-3.2737114886	-2.7303583282	0.0590233404	0.0290943519
1975.50	-0.1385140667	-3.1200794801	-2.5926148179	0.0648322280	0.0246990376
1975.75	0.0581071962	-3.1846485250	-2.6542908569	0.0515197687	0.0338223133
1976.00	0.1376257751	-3.3194097942	-2.7718689269	0.0492757605	0.0353006514
1976.25	0.0126295803	-3.3147173805	-2.7718218510	0.0531805125	0.0310801209
1976.50	0.0024188174	-3.2817645516	-2.7656195250	0.0502462464	0.0309025724
1976.75	0.0273136196	-3.2484245203	-2.7701721396	0.0430978029	0.0350870201
1977.00	-0.0769636172	-3.1428162479	-2.6652508903	0.0450594040	0.0334773857
1977.25	0.0303146479	-3.1333983782	-2.6675546930	0.0494661261	0.0281936391
1977.50	-0.0417561864	-3.0704808462	-2.6082461174	0.0583255103	0.0196979256
1977.75	-0.0067063740	-3.0426410440	-2.5739619840	0.0605587373	0.0227732984
1978.00	-0.0542129432	-2.9578777948	-2.4913052862	0.0639414679	0.0183568213
1978.25	0.0707939062	-3.0164406644	-2.5407777232	0.0691528587	0.0204354130
1978.50	0.0710148924	-3.0685944272	-2.5921543882	0.0783674591	0.0061926560
1978.75	-0.0834769223	-2.9653485332	-2.5062226472	0.0905534298	0.0067283376
1979.00	0.0577069702	-2.9993821267	-2.5381031016	0.0922600784	-0.0024838834
1979.25	0.0135487019	-2.9836087297	-2.5259776793	0.0876170269	0.0027487648
1979.50	0.0560085960	-3.0178213253	-2.5602016810	0.0987768911	-0.0076370644
1979.75	-0.0163018035	-2.9843936510	-2.5209861095	0.1155850663	0.0126862355
1980.00	-0.0849442154	-2.9130860207	-2.4378111046	0.1432168369	-0.0183417346
1980.25	0.1004925484	-3.0200293995	-2.5241924911	0.0778217817	0.0404057160
1980.50	0.0955207000	-3.0899706054	-2.5928476747	0.1110403548	0.0109957798
1980.75	0.0539259792	-3.1564253358	-2.6462650342	0.1373939234	0.0060424215
1981.00	-0.0221873763	-3.1118403958	-2.6240165989	0.1204372878	0.0027656669
1981.25	-0.0455125161	-3.0761125616	-2.5638924511	0.1372370183	-0.0057941703
1981.50	-0.1618592952	-2.9409037238	-2.4181783477	0.1389529196	0.0130118139
1981.75	0.0335102936	-2.9856211672	-2.4484909214	0.1075261689	0.0410481720
1982.00	-0.1165506153	-2.8771229773	-2.3370920317	0.1271787573	0.0101667096
1982.25	-0.0444590764	-2.8429862722	-2.2971033838	0.1232878563	0.0267548804
1982.50	0.0696802333	-2.9037654824	-2.3744693567	0.0749312046	0.0538503155
1982.75	0.1512355671	-3.0495230223	-2.5159069769	0.0777015077	0.0342932326
1983.00	0.0786083483	-3.1129305546	-2.5875903121	0.0846719761	0.0286716992
1983.25	0.0936452961	-3.2011894703	-2.6704503333	0.0860033691	0.0276289491
1983.50	-0.0286264178	-3.1821205195	-2.6462609094	0.0853333031	0.0326993520
1983.75	-0.0253364774	-3.1565757333	-2.6269889320	0.0878002324	0.0355079728
1984.00	-0.0537396436	-3.1147068515	-2.5771401502	0.0950010411	0.0271667999
1984.25	-0.0521088986	-3.0587955910	-2.5234178615	0.0968907482	0.0376163645
1984.50	0.0640388247	-3.1260915299	-2.5893444526	0.0991573155	0.0199654312
1984.75	-0.0140137330	-3.1078336984	-2.5807652938	0.0772480370	0.0412568523
1985.00	0.0731246680	-3.1728018827	-2.6423978970	0.0802796027	0.0405129479
1985.25	0.0471486438	-3.2183333997	-2.6877341304	0.0674156283	0.0396152384
1985.50	-0.0640455572	-3.1533116707	-2.6212602486	0.0698525019	0.0366964866
1985.75	0.1332618111	-3.2728138497	-2.7575191975	0.0695540473	0.0393913886
1986.00	0.1119055457	-3.3679654316	-2.8695109164	0.0627118538	0.0253460370
1986.25	0.0347623399	-3.3518105042	-2.9082592214	0.0592212847	0.0301862326
1986.50	-0.0851479066	-3.2677817243	-2.8176128587	0.0516242396	0.0353212637
1986.75	0.0291395187	-3.2710515689	-2.8552183577	0.0562007332	0.0316220409
1987.00	0.1727473588	-3.4455865613	-3.0323386491	0.0556144448	0.0295767057
1987.25	0.0219021043	-3.4800920640	-3.0665536484	0.0567866781	0.0410144908
1987.50	0.0455734482	-3.4878638320	-3.1144984540	0.0653100984	0.0339704069
1987.75	-0.2773033389	-3.2042567935	-2.8386890906	0.0562858110	0.0601031204
1988.00	0.0548603010	-3.2126779815	-2.8722018620	0.0565788015	0.0339929719
1988.25	0.0470627069	-3.2602098281	-2.9094371798	0.0648228557	0.0306863264
1988.50	-0.0147614740	-3.2238782695	-2.8850642539	0.0714644812	0.0251730594
1988.75	0.0077409620	-3.1727660481	-2.8875653151	0.0796056891	0.0273769185
1989.00	0.0469917338	-3.2224446983	-2.9288215810	0.0872321859	0.0093790005
1989.25	0.0580856544	-3.2552841441	-2.9866067945	0.0785616114	0.0077845751
1989.50	0.0751793307	-3.3164263715	-3.0661018825	0.0777940274	0.0115887699
1989.75	-0.0091563135	-3.3489229751	-3.0659234130	0.0743929315	0.0241360892
1990.00	-0.0531188141	-3.3027011944	-3.0174556123	0.0767387942	0.0126146615
1990.25	0.0301682883	-3.3257988216	-3.0598202696	0.0761644276	0.0149287469
1990.50	-0.1661571454	-3.2003620469	-2.8924634719	0.0704025441	0.0234659556
1990.75	0.0587676451	-3.2481518841	-2.9589131925	0.0636318602	0.0335980356
1991.00	0.1193646163	-3.3682764673	-3.0775288236	0.0568717061	0.0283329863
1991.25	-0.0163224995	-3.3801786819	-3.0603929417	0.0549236965	0.0357379309
1991.50	0.0396776753	-3.4114638903	-3.1007462179	0.0507216310	0.0339079015
1991.75	0.0622082758	-3.4876298007	-3.1725307377	0.0384800543	0.0433314496
1992.00	-0.0284384900	-3.4748055831	-3.1378893880	0.0403546853	0.0408700652
1992.25	0.0003041806	-3.4785058197	-3.1447488206	0.0356180776	0.0444689835
1992.50	0.0191302367	-3.4968480051	-3.1617913792	0.0269047980	0.0496754707
1992.75	0.0476098242	-3.5538042609	-3.1946933034	0.0307716587	0.0479551730
1993.00	0.0381474468	-3.5757256909	-3.2203325943	0.0288886748	0.0448367511
1993.25	-0.0009868870	-3.5668487923	-3.2085086902	0.0302769909	0.0425101947
1993.50	0.0232802148	-3.5849018260	-3.2172673965	0.0291800898	0.0370359648
1993.75	0.0118345875	-3.5960943016	-3.2229036491	0.0300732330	0.0379892637
1994.00	-0.0475983327	-3.5563866391	-3.1675832315	0.0347298752	0.0387771941
1994.25	-0.0113879556	-3.5420060583	-3.1522961839	0.0413338635	0.0420499409
1994.50	0.0373159125	-3.5812253493	-3.1788451698	0.0464254657	0.0361734869
1994.75	-0.0232047645	-3.5460845102	-3.1534711544	0.0548290363	0.0349480910
1995.00	0.0707827943	-3.6030506518	-3.2194701577	0.0564748469	0.0219369789
1995.25	0.0648105619	-3.6564157815	-3.2805364352	0.0539482668	0.0185683474
1995.50	0.0653004966	-3.6817395197	-3.3267591553	0.0520040417	0.0184604423
1995.75	0.0387207910	-3.7088142739	-3.3564999974	0.0492662413	0.0211737222
1996.00	0.0441475407	-3.7441302906	-3.3809164435	0.0496564555	0.0202882599
1996.25	0.0234287881	-3.7659747774	-3.3963703170	0.0500465175	0.0272264579
1996.50	0.0130604719	-3.7829126277	-3.3976717189	0.0487711164	0.0251225304
1996.75	0.0568441742	-3.8308069012	-3.4465089123	0.0501321205	0.0219366191
1997.00	0.0049858971	-3.8401985466	-3.4420953248	0.0515007729	0.0218739481
1997.25	0.1368122495	-3.9670054965	-3.5717117019	0.0501606532	0.0222644578
1997.50	0.0660823277	-4.0310881258	-3.6149652887	0.0488663517	0.0226627097
1997.75	0.0169982920	-4.0402034186	-3.6175583696	0.0517381954	0.0155949316
1998.00	0.1050981420	-4.1282403070	-3.7245712978	0.0500370056	0.0140601514
1998.25	0.0018930984	-4.1276203380	-3.7371397016	0.0491996041	0.0172988649
1998.50	-0.1513847512	-3.9825207898	-3.6143192957	0.0421970487	0.0225454832
1998.75	0.1657261878	-4.1475448401	-3.7911506687	0.0433659559	0.0173402125
1999.00	0.0057499546	-4.1544395902	-3.8245665148	0.0435383020	0.0195291700
1999.25	0.0629554848	-4.1812191264	-3.8755595569	0.0463109029	0.0263824663
1999.50	-0.1007210333	-4.0801411255	-3.7901071163	0.0469217531	0.0272704271
1999.75	0.0855246605	-4.1723832335	-3.9043192184	0.0518996105	0.0230245485
2000.00	-0.0047511960	-4.1612085650	-3.8996662288	0.0565504513	0.0170841859
2000.25	-0.0219196670	-4.1792250953	-3.8449328091	0.0566260499	0.0191380390
2000.50	0.0261737283	-4.2146422448	-3.8070602340	0.0597583644	0.0159224119
2000.75	-0.0253123500	-4.1941022278	-3.7004819352	0.0567961260	0.0135320570
2001.00	-0.1113038034	-4.1204764970	-3.5526907144	0.0418230933	0.0241057592
2001.25	0.0385051414	-4.1794237065	-3.5934222767	0.0356373776	0.0357596448
2001.50	-0.1393008485	-4.0512241196	-3.4233219046	0.0231401887	0.0457445130
2001.75	0.0804444938	-4.1309267252	-3.5148860370	0.0169751042	0.0492791851
2002.00	0.0159453804	-4.1325741805	-3.5080828075	0.0176729101	0.0489259285
2002.25	-0.1184587753	-4.0120199610	-3.3533371116	0.0167292820	0.0476621314
2002.50	-0.1783776040	-3.8480344336	-3.1507153247	0.0152924718	0.0441049722
2002.75	0.0604862119	-3.9042515514	-3.2208326836	0.0118593985	0.0489521206
