time	ret	ldp	lep	rf	yield
1926.9167	0.0260677949	-3.0015359552	-2.6659540002	0.0301896712	0.0144039669
1927.0000	-0.0007077908	-2.9927316212	-2.6464908958	0.0333090428	0.0122184275
1927.0833	0.0416101599	-3.0121671706	-2.6945934626	0.0335701634	0.0120721944
1927.1667	0.0037489489	-3.0300314293	-2.7025913303	0.0333090428	0.0118555091
1927.2500	0.0042423903	-3.0317613937	-2.7211919282	0.0342274985	0.0096177222
1927.3333	0.0525196759	-3.0665770036	-2.7736176440	0.0319055610	0.0127809566
1927.4167	-0.0231386140	-3.0263946338	-2.7657065684	0.0322929252	0.0124892176
1927.5000	0.0699673113	-3.0935346282	-2.8302034684	0.0282861481	0.0148516151
1927.5833	0.0223893147	-3.0967611851	-2.8752702930	0.0267977124	0.0177931709
1927.6667	0.0437093487	-3.1087216409	-2.9085489381	0.0274400544	0.0169595329
1927.7500	-0.0428519640	-3.0618138951	-2.8660849803	0.0297723717	0.0178796854
1927.8333	0.0649313899	-3.1251261192	-2.9331973451	0.0314114540	0.0125097331
1927.9167	0.0206032754	-3.1426170398	-2.9535974379	0.0336765264	0.0099575107
1928.0000	-0.0051667604	-3.1389975177	-2.9449655834	0.0335508235	0.0044614019
1928.0833	-0.0169551096	-3.1154570520	-2.9236541702	0.0333574037	0.0102766334
1928.1667	0.0830418761	-3.1994251354	-3.0230223497	0.0331155762	0.0105184608
1928.2500	0.0398024325	-3.2341113804	-3.0514323321	0.0336378502	0.0063382523
1928.3333	0.0164028533	-3.2195213139	-3.0605374969	0.0381528355	0.0057683516
1928.4167	-0.0502258408	-3.1858077151	-3.0157329403	0.0385089214	0.0061775962
1928.5000	0.0069770569	-3.1879486271	-3.0247122418	0.0435861707	0.0056944159
1928.5833	0.0625570130	-3.2424230664	-3.0927689069	0.0433946823	0.0019610194
1928.6667	0.0278581974	-3.2930868397	-3.1130182404	0.0470457865	-0.0019768231
1928.7500	0.0162142511	-3.3127554575	-3.1240060305	0.0460912874	-0.0008504174
1928.8333	0.1101107096	-3.3951302908	-3.2338661209	0.0419573498	0.0028247930
1928.9167	0.0003224291	-3.3940907742	-3.2333538440	0.0439403275	0.0024789327
1929.0000	0.0485427483	-3.4326531633	-3.2829827720	0.0467499892	-0.0004204813
1929.0833	-0.0045111335	-3.4081923416	-3.2712872311	0.0449733656	0.0005734493
1929.1667	-0.0109009691	-3.3890217201	-3.2631228582	0.0454321514	0.0004967805
1929.2500	0.0141109402	-3.4026807198	-3.2732714932	0.0486377716	-0.0044508692
1929.3333	-0.0618355263	-3.3336362714	-3.2237878557	0.0497896645	-0.0038607326
1929.4167	0.0892062080	-3.4169479634	-3.3245582203	0.0447821428	0.0018151426
1929.5000	0.0412583896	-3.4466404682	-3.3634827029	0.0473224209	-0.0032875176
1929.5833	0.0768124068	-3.5034977642	-3.4513129271	0.0449638054	0.0018243561
1929.6667	-0.0543035970	-3.4427834692	-3.3955766031	0.0465209247	0.0003626612
1929.7500	-0.2225409986	-3.2062369289	-3.1677550781	0.0383838246	0.0058296923
1929.8333	-0.1344173581	-3.0791732974	-3.0186180427	0.0314986671	0.0150031666
1929.9167	0.0140205602	-3.0804618802	-3.0381094783	0.0307910524	0.0173659309
1930.0000	0.0526457028	-3.1217880810	-3.0975927832	0.0374595478	0.0087039266
1930.0833	0.0230840055	-3.1475215167	-3.1175320226	0.0308880155	0.0149454008
1930.1667	0.0701742152	-3.2140343411	-3.1926596497	0.0271870598	0.0179774921
1930.2500	-0.0241418267	-3.1815291541	-3.1817233230	0.0298306100	0.0165608512
1930.3333	-0.0155060474	-3.1820683012	-3.1640360647	0.0210861170	0.0238872486
1930.4167	-0.1739463758	-2.9995789623	-2.9829153198	0.0172700112	0.0274165065
1930.5000	0.0381267650	-3.0403437568	-3.0172148359	0.0170537546	0.0308577703
1930.5833	0.0025317571	-3.0437493360	-3.0235396036	0.0172405244	0.0264892385
1930.6667	-0.1350126732	-2.9032004999	-2.8826499187	0.0140902643	0.0291607777
1930.7500	-0.0886267450	-2.8185480930	-2.7883462935	0.0168079516	0.0264430903
1930.8333	-0.0272765651	-2.8200570844	-2.7651929991	0.0245852898	0.0290185060
1930.9167	-0.0820976102	-2.7482269526	-2.6864469105	0.0159619279	0.0347630018
1931.0000	0.0596495840	-2.8223286577	-2.7319866864	0.0123237497	0.0309272923
1931.0833	0.1030530536	-2.9320890249	-2.8376186580	0.0088408047	0.0282316167
1931.1667	-0.0684083136	-2.8786141363	-2.7630286880	0.0128668657	0.0341328068
1931.2500	-0.1044806530	-2.7824770545	-2.6597405025	0.0080872102	0.0349722793
1931.3333	-0.1435807697	-2.6547415170	-2.5099986449	0.0078292711	0.0372076024
1931.4167	0.1285026101	-2.8051024770	-2.6378650209	0.0059323687	0.0363562875
1931.5000	-0.0665591790	-2.7559504748	-2.5577154841	0.0045496347	0.0381266396
1931.5833	0.0004614849	-2.7844241833	-2.5652498870	0.0050571908	0.0380022986
1931.6667	-0.3425838940	-2.4718290594	-2.2064635458	0.0138141438	0.0355553203
1931.7500	0.0767990392	-2.5503209940	-2.2849182859	0.0251120368	0.0285982198
1931.8333	-0.0953406235	-2.4725579936	-2.1791914044	0.0148689079	0.0331132345
1931.9167	-0.1461305257	-2.3634332198	-2.0205693876	0.0188806338	0.0242958056
1932.0000	-0.0130888470	-2.3754378269	-1.9928375372	0.0146225673	0.0343375980
1932.0833	0.0539185233	-2.4592473503	-2.0463824100	0.0150659367	0.0371246505
1932.1667	-0.1169103430	-2.3775852654	-1.9225964251	0.0133702189	0.0372542729
1932.2500	-0.1996500413	-2.2089403185	-1.6977472291	0.0060715309	0.0453507117
1932.3333	-0.2322807461	-2.0176174834	-1.4343243580	0.0032945669	0.0494267563
1932.4167	-0.0097143410	-2.0472234339	-1.4280265716	0.0035437136	0.0496519337
1932.5000	0.2859703108	-2.3716778948	-1.7486859633	0.0037927982	0.0482279054
1932.5833	0.3111369570	-2.7273582413	-2.0700948475	0.0032945669	0.0446380868
1932.6667	-0.0323520836	-2.7280996738	-2.0355965165	0.0020279423	0.0439009896
1932.7500	-0.1401175223	-2.6557285445	-1.8867676276	0.0017684354	0.0435872663
1932.8333	-0.0573860677	-2.6454135471	-1.8292684358	0.0012691942	0.0439909372
1932.9167	0.0437644215	-2.7073983070	-1.8821176386	0.0012691942	0.0436085645
1933.0000	0.0095355629	-2.7416256608	-1.8936914238	0.0012691942	0.0421733636
1933.0833	-0.1422993755	-2.6395477696	-1.6933017128	0.0063199867	0.0380124082
1933.1667	0.0154458586	-2.6778781033	-1.7304968683	0.0151250377	0.0356489566
1933.2500	0.3230730990	-3.0215292728	-2.0872071405	0.0049377890	0.0422625557
1933.3333	0.1919248766	-3.2438953688	-2.2405334915	0.0030353885	0.0424740162
1933.4167	0.1252643198	-3.3818438625	-2.3687795320	0.0025367797	0.0413566323
1933.5000	-0.1012239304	-3.2860865733	-2.2801837110	0.0032945669	0.0398901591
1933.5833	0.1146183792	-3.4340214093	-2.3936414206	0.0017684354	0.0403327406
1933.6667	-0.1118395956	-3.3272423628	-2.2776155457	0.0010094903	0.0414070800
1933.7500	-0.0862304778	-3.2314393010	-2.1881865128	0.0022774047	0.0402072069
1933.8333	0.0947730873	-3.3002199745	-2.2916804300	0.0043007386	0.0418628076
1933.9167	0.0197174643	-3.3463794602	-2.3176271705	0.0063199867	0.0392084644
1934.0000	0.1217314719	-3.4506481294	-2.4220524301	0.0060715309	0.0395450590
1934.0833	-0.0239455213	-3.4202829586	-2.3878458667	0.0027861152	0.0388645386
1934.1667	0.0047086458	-3.4064248584	-2.3915652285	0.0007597113	0.0397102212
1934.2500	-0.0182643096	-3.3738063692	-2.3679945370	0.0007597113	0.0391338523
1934.3333	-0.0734124762	-3.2905696018	-2.2863724644	0.0007597113	0.0385571510
1934.4167	0.0248300873	-3.3035150295	-2.3108855946	0.0007597113	0.0377876983
1934.5000	-0.1146293878	-3.1633820515	-2.1918917217	0.0007597113	0.0374027497
1934.5833	0.0577788482	-3.1636595774	-2.2479907509	0.0010094903	0.0377876983
1934.6667	-0.0029883857	-3.1542408866	-2.2476524014	0.0012691942	0.0378265335
1934.7500	-0.0205722325	-3.1288463203	-2.2177089841	0.0012691942	0.0372492218
1934.8333	0.0806628823	-3.2085299554	-2.3025781097	0.0012691942	0.0366044582
1934.9167	0.0039513568	-3.1816716379	-2.3011329350	0.0010094903	0.0366324079
1935.0000	-0.0327082633	-3.1451200887	-2.2637198096	0.0020279423	0.0349787833
1935.0833	-0.0201190313	-3.1156106035	-2.2273636062	0.0015188460	0.0347166466
1935.1667	-0.0382307024	-3.0678418615	-2.1997681296	0.0015188460	0.0345237454
1935.2500	0.0856298392	-3.1547078905	-2.2960098308	0.0015188460	0.0344272808
1935.3333	0.0341044706	-3.1731469688	-2.3319908805	0.0015188460	0.0343308069
1935.4167	0.0533356462	-3.2148580817	-2.4069451083	0.0015188460	0.0339448183
1935.5000	0.0713277939	-3.2864745826	-2.4856377594	0.0015188460	0.0334621229
1935.5833	0.0273516513	-3.3215680094	-2.5114335941	0.0015188460	0.0338482979
1935.6667	0.0236458298	-3.3205468687	-2.5389796247	0.0020279423	0.0337517681
1935.7500	0.0680172309	-3.3763294594	-2.6166008114	0.0020279423	0.0325667024
1935.8333	0.0502636304	-3.3749438456	-2.6585765359	0.0015188460	0.0331020393
1935.9167	0.0450146366	-3.4039630881	-2.7001415646	0.0015188460	0.0323027025
1936.0000	0.0637773641	-3.4498234390	-2.7670106939	0.0020279423	0.0316257526
1936.0833	0.0256273161	-3.4608141010	-2.7869225131	0.0020279423	0.0306328399
1936.1667	0.0084572635	-3.4598883863	-2.8150469613	0.0020279423	0.0303424377
1936.2500	-0.0819596298	-3.3644038426	-2.7348822058	0.0020279423	0.0303424377
1936.3333	0.0491469478	-3.3579365758	-2.7802710101	0.0020279423	0.0301487894
1936.4167	0.0253637916	-3.3615025901	-2.8110857971	0.0015188460	0.0303673429
1936.5000	0.0618576481	-3.4063295014	-2.8791711291	0.0015188460	0.0302704765
1936.5833	0.0111109437	-3.3654013594	-2.8886775787	0.0016186892	0.0305860713
1936.6667	0.0145155837	-3.3537982534	-2.8918471455	0.0018283276	0.0294765222
1936.7500	0.0674550417	-3.4088266729	-2.9669123631	0.0010094903	0.0302953595
1936.8333	0.0335609646	-3.2900380822	-2.9728248313	0.0011193733	0.0300045632
1936.9167	0.0011599505	-3.2127824032	-2.9692392884	0.0020279423	0.0289105158
1937.0000	0.0320432769	-3.2448638140	-3.0050482393	0.0022275172	0.0283016878
1937.0833	0.0130323161	-3.2463223124	-3.0181684614	0.0025367797	0.0294649295
1937.1667	-0.0043610269	-3.2184656071	-3.0067796298	0.0060715309	0.0276035914
1937.2500	-0.0779043601	-3.1382310231	-2.9174949494	0.0060715309	0.0275566501
1937.3333	-0.0087345568	-3.0999334827	-2.9039885311	0.0045595893	0.0297221757
1937.4167	-0.0418730182	-3.0291380218	-2.8471712400	0.0035437136	0.0289291593
1937.5000	0.0805254423	-3.1079727782	-2.9423432773	0.0032447302	0.0289476573
1937.5833	-0.0467451333	-3.0476423193	-2.8837438487	0.0045595893	0.0278344084
1937.6667	-0.1454025314	-2.8806747570	-2.7283741873	0.0025367797	0.0302456182
1937.7500	-0.0997981569	-2.7832106143	-2.6247251924	0.0025367797	0.0299492145
1937.8333	-0.0872349000	-2.6839374853	-2.5207679607	0.0016186892	0.0313763189
1937.9167	-0.0416540644	-2.6397713950	-2.4718631505	0.0010094903	0.0311856456
1938.0000	0.0082814185	-2.6553435414	-2.4938969732	0.0006098140	0.0305981131
1938.0833	0.0556456055	-2.7172406288	-2.5612052152	0.0006098140	0.0311987121
1938.1667	-0.2701991017	-2.4545057621	-2.2803436011	0.0008596304	0.0311825767
1938.2500	0.1357500938	-2.5950586184	-2.4198088741	0.0001999800	0.0331574283
1938.3333	-0.0398637400	-2.5991497516	-2.3825064423	-0.0003000450	0.0322826209
1938.4167	0.2120068316	-2.8400317868	-2.6113940039	-0.0001600128	0.0326100340
1938.5000	0.0694282056	-2.9200013216	-2.6888021247	0.0004598942	0.0312825308
1938.5833	-0.0277436659	-2.9384176723	-2.6690302258	0.0002999550	0.0310048948
1938.6667	0.0086662651	-2.9865441156	-2.6926930626	0.0002999550	0.0312956066
1938.7500	0.0744971345	-3.0667146167	-2.7708578562	-0.0007502814	0.0317643349
1938.8333	-0.0184340928	-3.1944676471	-2.7435630400	-0.0002500313	0.0311393912
1938.9167	0.0397730891	-3.2923444080	-2.7862760825	-0.0007002451	0.0318663714
1939.0000	-0.0614689000	-3.2327051463	-2.7232857912	-0.0003500613	0.0302960898
1939.0833	0.0341216640	-3.2501251633	-2.7636942502	-0.0007402739	0.0309898257
1939.1667	-0.1268042146	-3.1238770607	-2.6260216706	-0.0001500113	0.0298617902
1939.2500	-0.0026049859	-3.1185626302	-2.6289039714	0.0001499888	0.0296029694
1939.3333	0.0663261522	-3.1657287025	-2.6980354278	-0.0003600648	0.0296375661
1939.4167	-0.0548310087	-3.1007189310	-2.6406152280	-0.0003200512	0.0294920536
1939.5000	0.0964032963	-3.1949494418	-2.7528761560	0.0002499688	0.0291905155
1939.5833	-0.0683067785	-3.0954829492	-2.6879257343	0.0005098700	0.0286289908
1939.6667	0.1483263548	-3.2321421088	-2.8490568995	0.0002499688	0.0317330771
1939.7500	-0.0041455419	-3.2297438256	-2.8405346765	0.0002499688	0.0307640848
1939.8333	-0.0372953675	-3.0951382231	-2.7963585661	-0.0002100221	0.0301489764
1939.9167	0.0296031498	-3.0908834647	-2.8259918293	-0.0002700365	0.0296663464
1940.0000	-0.0248893100	-3.0617447722	-2.7877113307	-0.0009104143	0.0290032606
1940.0833	0.0141697253	-3.0516493854	-2.7916083771	-0.0003600648	0.0298800671
1940.1667	0.0186956815	-3.0667186431	-2.7995852010	-0.0008503615	0.0296856092
1940.2500	0.0014500265	-3.0565169344	-2.7932020854	-0.0004000800	0.0292907969
1940.3333	-0.2486941913	-2.7627128031	-2.5179734047	0.0005098700	0.0283690896
1940.4167	0.0644171969	-2.8178009427	-2.5913424308	0.0004099160	0.0287604613
1940.5000	0.0319567414	-2.8444116573	-2.6210501624	-0.0003800722	0.0290032606
1940.5833	0.0233648066	-2.8353889884	-2.6463193001	-0.0007502814	0.0296826796
1940.6667	0.0227105125	-2.8494843350	-2.6568858112	-0.0002400288	0.0295111473
1940.7500	0.0296369849	-2.8690105059	-2.6946602647	-0.0003100481	0.0281580909
1940.8333	-0.0165698149	-2.8381118084	-2.6512597101	-0.0008503615	0.0287599973
1940.9167	0.0070371045	-2.8342163320	-2.6472482231	-0.0009004052	0.0282203935
1941.0000	-0.0413235611	-2.7935773222	-2.5913749641	-0.0004300925	0.0278889563
1941.0833	-0.0149599071	-2.7663666525	-2.5692139428	0.0004099160	0.0270106796
1941.1667	0.0093540666	-2.7552411845	-2.5660239946	-0.0003600648	0.0281853295
1941.2500	-0.0543823620	-2.7059136536	-2.4925431112	0.0005098700	0.0272998306
1941.3333	0.0141372444	-2.7048187770	-2.4884549006	0.0007097481	0.0272025686
1941.4167	0.0566901817	-2.7368349655	-2.5342198518	0.0005098700	0.0268134257
1941.5000	0.0567272851	-2.7880139895	-2.5808329726	0.0008096721	0.0262216669
1941.5833	0.0004847339	-2.7741691807	-2.5654558451	0.0009095862	0.0261217529
1941.6667	-0.0075347929	-2.7578090668	-2.5488082126	0.0006098140	0.0266187974
1941.7500	-0.0529672488	-2.6989691136	-2.4748405392	0.0010094903	0.0261742899
1941.8333	-0.0198515821	-2.6434713295	-2.4278971143	0.0025367797	0.0250682186
1941.9167	-0.0480847696	-2.5711869084	-2.3775573648	0.0030353885	0.0255872247
1942.0000	0.0055853081	-2.5767316044	-2.3847583320	0.0020279423	0.0263881073
1942.0833	-0.0232128486	-2.5538711951	-2.3460115900	0.0020279423	0.0268322359
1942.1667	-0.0679060619	-2.4782280465	-2.2767056450	0.0022774047	0.0271891641
1942.2500	-0.0442042805	-2.4307693606	-2.2264665238	0.0032945669	0.0258790109
1942.3333	0.0594789902	-2.5054454532	-2.2829428699	0.0035437136	0.0253153149
1942.4167	0.0244636629	-2.5292585654	-2.2956812685	0.0035935355	0.0251657435
1942.5000	0.0339669780	-2.5639608422	-2.3212551843	0.0036732454	0.0245127202
1942.5833	0.0182250243	-2.6015089846	-2.3229969546	0.0036234275	0.0242982735
1942.6667	0.0256768221	-2.6239129272	-2.3441135517	0.0037230608	0.0240515244
1942.7500	0.0654025606	-2.6981502225	-2.4004640328	0.0037230608	0.0242010019
1942.8333	0.0011269994	-2.7312399179	-2.3805369370	0.0035935355	0.0244326503
1942.9167	0.0481829817	-2.7892890339	-2.4249204399	0.0036433549	0.0241687249
1943.0000	0.0723735330	-2.8629522001	-2.4880634898	0.0036732454	0.0241236530
1943.0833	0.0580630826	-2.9216210253	-2.5314266654	0.0037230608	0.0241882152
1943.1667	0.0595764371	-2.9812854027	-2.5768287931	0.0036433549	0.0237320970
1943.2500	0.0065520628	-2.9877290275	-2.5714631926	0.0036433549	0.0240909058
1943.3333	0.0551899139	-3.0323760741	-2.6091618648	0.0036433549	0.0238962586
1943.4167	0.0165975660	-3.0406529071	-2.6226342256	0.0036433549	0.0234424209
1943.5000	-0.0476548350	-2.9943862604	-2.5609263533	0.0036433549	0.0231503222
1943.5833	0.0125461904	-3.0030240715	-2.5652530759	0.0036433549	0.0234094747
1943.6667	0.0236337789	-3.0086808725	-2.5828444510	0.0036433549	0.0231503222
1943.7500	-0.0125908928	-3.0008865752	-2.5649563485	0.0036433549	0.0232476979
1943.8333	-0.0604198469	-2.9208161916	-2.4819165692	0.0036433549	0.0236042167
1943.9167	0.0610916534	-2.9781908909	-2.5347127540	0.0036433549	0.0236371060
1944.0000	0.0174343909	-2.9916720814	-2.5460641140	0.0036433549	0.0234424209
1944.0833	0.0039787402	-2.9785779630	-2.5395897779	0.0035935355	0.0241455071
1944.1667	0.0237258095	-2.9942054008	-2.5524446733	0.0035935355	0.0236371060
1944.2500	-0.0176323692	-2.9794937390	-2.5360669330	0.0035935355	0.0241455071
1944.3333	0.0503136432	-3.0100658124	-2.5719033048	0.0035935355	0.0235397682
1944.4167	0.0548980419	-3.0547642540	-2.6178658971	0.0035935355	0.0235397682
1944.5000	-0.0155133112	-3.0387297410	-2.5932438793	0.0035935355	0.0239508220
1944.5833	0.0149130200	-3.0283577841	-2.5982727773	0.0035935355	0.0238534652
1944.6667	0.0001163057	-3.0381769398	-2.5915721376	0.0036234275	0.0234224889
1944.7500	0.0023985621	-3.0308847677	-2.5877490379	0.0036234275	0.0239209089
1944.8333	0.0150350691	-3.0160092532	-2.5878452284	0.0036234275	0.0239308798
1944.9167	0.0411128424	-3.0585579004	-2.6185241046	0.0036234275	0.0237261859
1945.0000	0.0177266194	-3.0741226721	-2.6307523914	0.0037927982	0.0236288101
1945.0833	0.0631172923	-3.1289484789	-2.6885732816	0.0036234275	0.0232392124
1945.1667	-0.0401540500	-3.0818003868	-2.6398641066	0.0036234275	0.0224484944
1945.2500	0.0746553215	-3.1538656538	-2.7225585793	0.0036234275	0.0228494628
1945.3333	0.0177996581	-3.1429795797	-2.7323265113	0.0036234275	0.0229568854
1945.4167	0.0038681300	-3.1602532308	-2.7273699904	0.0036234275	0.0223510428
1945.5000	-0.0227939559	-3.1360121641	-2.7051553502	0.0036234275	0.0227520017
1945.5833	0.0586583143	-3.1864871494	-2.7595640906	0.0036234275	0.0223510428
1945.6667	0.0466455591	-3.2262493344	-2.7986684350	0.0036234275	0.0224484944
1945.7500	0.0381486236	-3.2644074758	-2.8270163688	0.0036234275	0.0229469144
1945.8333	0.0531191679	-3.3072556476	-2.8574130589	0.0036234275	0.0224484944
1945.9167	0.0111418246	-3.3265062956	-2.8657353456	0.0036234275	0.0223510428
1946.0000	0.0610656691	-3.3805066260	-2.9329454203	0.0036732454	0.0216686153
1946.0833	-0.0599271524	-3.3095801672	-2.8607792453	0.0036732454	0.0210833065
1946.1667	0.0576055489	-3.3630518651	-2.9058673023	0.0036732454	0.0209857217
1946.2500	0.0403608643	-3.3970828837	-2.9455723504	0.0036732454	0.0208881274
1946.3333	0.0396157797	-3.4400751099	-2.9705057106	0.0036732454	0.0213760037
1946.4167	-0.0405411416	-3.3912789611	-2.9334174656	0.0036732454	0.0211808818
1946.5000	-0.0262402520	-3.3469418856	-2.9090986654	0.0036732454	0.0210833065
1946.5833	-0.0663046508	-3.2674933286	-2.8349054757	0.0036732454	0.0213760037
1946.6667	-0.1059897502	-3.1464438155	-2.7295635984	0.0036732454	0.0220586309
1946.7500	-0.0146430885	-3.1184649026	-2.7214503335	0.0036732454	0.0222535816
1946.8333	0.0011543159	-3.1216261101	-2.7089877678	0.0036732454	0.0221561110
1946.9167	0.0492781895	-3.1059728348	-2.7505044092	0.0036732454	0.0226002217
1947.0000	0.0147617310	-3.1135502581	-2.7733704657	0.0036732454	0.0219611412
1947.0833	-0.0120954579	-3.0710397101	-2.7589854056	0.0036732454	0.0217661334
1947.1667	-0.0173068822	-3.0436089203	-2.7424919876	0.0036732454	0.0217661334
1947.2500	-0.0492567838	-2.9827042227	-2.7023685036	0.0036732454	0.0215710876
1947.3333	-0.0104652241	-2.9417056325	-2.6889908654	0.0036732454	0.0215710876
1947.4167	0.0519513427	-2.9765243206	-2.7439571216	0.0036732454	0.0217661334
1947.5000	0.0402877849	-3.0137323100	-2.7779492334	0.0074323118	0.0217661334
1947.5833	-0.0179787660	-2.9763430252	-2.7469901813	0.0075315664	0.0221128210
1947.6667	-0.0047792509	-2.9501653679	-2.7311245796	0.0082359909	0.0183328961
1947.7500	0.0237494141	-2.9676227624	-2.7452377484	0.0087416799	0.0187134446
1947.8333	-0.0188868976	-2.8886011019	-2.7089613811	0.0093957216	0.0190377161
1947.9167	0.0286340153	-2.8995079912	-2.7225182137	0.0094947816	0.0194173234
1948.0000	-0.0384476974	-2.8566727751	-2.6726382163	0.0098018050	0.0188623734
1948.0833	-0.0452581403	-2.7971497755	-2.6148844110	0.0099008247	0.0186165541
1948.1667	0.0785092701	-2.8509235319	-2.6791593246	0.0099008247	0.0181645648
1948.2500	0.0362021146	-2.8800145549	-2.6952023335	0.0099008247	0.0175791815
1948.3333	0.0710496534	-2.9510707905	-2.7601837358	0.0099503309	0.0173350631
1948.4167	-0.0009257255	-2.9249181267	-2.7538174354	0.0099503309	0.0173845722
1948.5000	-0.0525368928	-2.8782413740	-2.6865119012	0.0099008247	0.0178710245
1948.5833	0.0029285963	-2.8529211322	-2.6829175253	0.0056639296	0.0176579044
1948.6667	-0.0307059754	-2.8065007517	-2.6411057493	0.0060715309	0.0221911251
1948.7500	0.0576449020	-2.8471390789	-2.6952966315	0.0061212270	0.0175094593
1948.8333	-0.0959003480	-2.7201747787	-2.5698557901	0.0064690306	0.0167082367
1948.9167	0.0306776838	-2.7319144479	-2.5892699543	0.0114047183	0.0164196994
1949.0000	0.0020003786	-2.7314047585	-2.5795996834	0.0115035794	0.0154433374
1949.0833	-0.0300196206	-2.6766392406	-2.5278903669	0.0115035794	0.0156411105
1949.1667	0.0390741779	-2.7032676760	-2.5465151253	0.0115035794	0.0152965340
1949.2500	-0.0191401218	-2.6768733771	-2.5140844586	0.0114541500	0.0153954108
1949.3333	-0.0287816428	-2.6336388320	-2.4646053134	0.0114541500	0.0155916636
1949.4167	0.0025103031	-2.6241656098	-2.4508920798	0.0108014537	0.0161456090
1949.5000	0.0531178253	-2.6767453798	-2.5013462571	0.0101483311	0.0163598413
1949.5833	0.0252287961	-2.6829209005	-2.5023097991	0.0104551539	0.0155658540
1949.6667	0.0307059291	-2.7213315450	-2.5146329961	0.0105046326	0.0152719706
1949.7500	0.0301767007	-2.7667837695	-2.5354783251	0.0105541089	0.0156267759
1949.8333	0.0181676375	-2.7235398644	-2.5283647764	0.0110091760	0.0149751172
1949.9167	0.0503742614	-2.7730514819	-2.5629972069	0.0108014537	0.0149285821
1950.0000	0.0151966351	-2.7850555333	-2.5725047091	0.0112564083	0.0144254751
1950.0833	0.0135083914	-2.7833605706	-2.5748364402	0.0113058474	0.0142757179
1950.1667	0.0111572661	-2.7867712744	-2.5713608446	0.0113552840	0.0143251624
1950.2500	0.0385048594	-2.8285435297	-2.6063210634	0.0117111559	0.0142729151
1950.3333	0.0409747605	-2.8358087722	-2.6357790739	0.0116123153	0.0141627772
1950.4167	-0.0591677426	-2.7767315849	-2.5669864790	0.0116123153	0.0143689658
1950.5000	0.0148409144	-2.7887214173	-2.5648092328	0.0116123153	0.0147601259
1950.5833	0.0481392243	-2.7661855603	-2.5862938895	0.0130149371	0.0130168151
1950.6667	0.0466225849	-2.7910790606	-2.6303039784	0.0132123315	0.0130524680
1950.7500	-0.0026296896	-2.7831742170	-2.6235862288	0.0133702189	0.0136507503
1950.8333	0.0275202448	-2.7163854022	-2.6118550861	0.0138141438	0.0128414253
1950.9167	0.0545229285	-2.7564210383	-2.6463597728	0.0135675432	0.0129006220
1951.0000	0.0550585791	-2.8043496134	-2.6967454584	0.0136661908	0.0129018868
1951.0833	0.0139814233	-2.7946917027	-2.6942128935	0.0137648286	0.0131979521
1951.1667	-0.0223226482	-2.7628529591	-2.6667983924	0.0150757871	0.0126699236
1951.2500	0.0472614449	-2.8102172632	-2.7055455383	0.0146718402	0.0146888657
1951.3333	-0.0239893151	-2.7545001985	-2.6559353344	0.0151250377	0.0141338192
1951.4167	-0.0266912239	-2.7219369656	-2.6214414576	0.0156764794	0.0141170528
1951.5000	0.0670906532	-2.7880006569	-2.6810736134	0.0161292219	0.0138707705
1951.5833	0.0428249778	-2.8267020404	-2.7128404360	0.0163751917	0.0127855087
1951.6667	0.0077649885	-2.8370562494	-2.7052596015	0.0165719240	0.0119536976
1951.7500	-0.0241122680	-2.8043081998	-2.6835064503	0.0156272559	0.0156332769
1951.8333	0.0048966342	-2.8661466173	-2.6730493122	0.0160209761	0.0153167830
1951.9167	0.0330553810	-2.9114625593	-2.7034331939	0.0177318573	0.0128086007
1952.0000	0.0153893992	-2.9294061722	-2.7120753533	0.0156272559	0.0157576052
1952.0833	-0.0262859576	-2.8760814076	-2.6678215483	0.0160209761	0.0165255777
1952.1667	0.0433376492	-2.9199502760	-2.7073529511	0.0152235318	0.0148139261
1952.2500	-0.0511770230	-2.8629581570	-2.6564836673	0.0167292820	0.0127792581
1952.3333	0.0307306628	-2.8853827377	-2.6719086317	0.0174763943	0.0120710079
1952.4167	0.0371446030	-2.9201841101	-2.7101557817	0.0175255269	0.0114800606
1952.5000	0.0103178897	-2.9246471448	-2.7207655098	0.0187726853	0.0111252802
1952.5833	-0.0084592101	-2.9200673161	-2.6992435999	0.0184782212	0.0121189912
1952.6667	-0.0209858657	-2.8911151568	-2.6724393169	0.0169259446	0.0139679097
1952.7500	-0.0065398380	-2.8889602687	-2.6646707229	0.0177711535	0.0155557605
1952.8333	0.0562355580	-2.9441018436	-2.7037161840	0.0197241928	0.0112594997
1952.9167	0.0290200673	-2.9701079936	-2.7318178992	0.0201261044	0.0099159525
1953.0000	-0.0032723227	-2.9749444795	-2.7181525955	0.0196261411	0.0116478493
1953.0833	-0.0030331463	-2.9568440317	-2.6933479273	0.0210273672	0.0101414814
1953.1667	-0.0153030031	-2.9409132737	-2.6628020067	0.0203808914	0.0110283943
1953.2500	-0.0293985065	-2.9163106473	-2.6345022477	0.0224657447	0.0111928927
1953.3333	0.0049867012	-2.9140480396	-2.6197540083	0.0224168543	0.0137578412
1953.4167	-0.0182173953	-2.8892865192	-2.5966513002	0.0200280921	0.0168333456
1953.5000	0.0234998405	-2.9128747386	-2.6150977566	0.0209686139	0.0131770649
1953.5833	-0.0466527015	-2.8593592893	-2.5486224642	0.0194202012	0.0142820549
1953.6667	0.0015473196	-2.8557778148	-2.5430000070	0.0153220161	0.0185167857
1953.7500	0.0447031110	-2.9024158864	-2.5858866405	0.0126101567	0.0217747140
1953.8333	0.0270927577	-2.9106869511	-2.5875160581	0.0155189557	0.0187766772
1953.9167	-0.0003494093	-2.8960719326	-2.5825327195	0.0138733189	0.0179631488
1954.0000	0.0482638854	-2.9427526275	-2.6253511834	0.0100988347	0.0208048759
1954.0833	0.0183070970	-2.9555398283	-2.6211391655	0.0099998346	0.0205893378
1954.1667	0.0362982929	-2.9838876583	-2.6434838438	0.0101483311	0.0184067519
1954.2500	0.0408558071	-3.0238827039	-2.6840533140	0.0078888014	0.0215330492
1954.3333	0.0303644840	-3.0446733639	-2.7091810547	0.0069756137	0.0223314831
1954.4167	0.0107448615	-3.0458490308	-2.7027771963	0.0062703005	0.0226252661
1954.5000	0.0486950460	-3.0950863844	-2.7507900175	0.0077796598	0.0219218895
1954.5833	-0.0233910547	-3.0494111841	-2.7090560687	0.0101483311	0.0180584508
1954.6667	0.0614639089	-3.1116550733	-2.7816953758	0.0098513161	0.0197089394
1954.7500	-0.0170564776	-3.0887798367	-2.7544117095	0.0099998346	0.0212209555
1954.8333	0.0909698321	-3.1401215235	-2.8244318060	0.0104056727	0.0199072105
1954.9167	0.0531041517	-3.1965035783	-2.8664161327	0.0099998346	0.0189936252
1955.0000	0.0062226982	-3.2037764761	-2.8759925758	0.0111080762	0.0179291284
1955.0833	0.0300236282	-3.2203006929	-2.8717393102	0.0136168682	0.0181863300
1955.1667	-0.0021056818	-3.2060141921	-2.8587259733	0.0140212414	0.0165504955
1955.2500	0.0307121383	-3.2366934155	-2.8866510802	0.0158733492	0.0147475682
1955.3333	0.0104426687	-3.2255852328	-2.8766311937	0.0142677301	0.0196007843
1955.4167	0.0629261588	-3.2866406667	-2.9470929976	0.0147211108	0.0168416587
1955.5000	0.0188439006	-3.3059109453	-2.9968508505	0.0175255269	0.0130874023
1955.5833	0.0027535973	-3.2821238971	-2.9796630898	0.0208706842	0.0107353348
1955.6667	-0.0038644145	-3.2719405401	-2.9817066069	0.0213700257	0.0097340253
1955.7500	-0.0278316519	-3.2438079131	-2.9407110102	0.0212231865	0.0104325033
1955.8333	0.0673789702	-3.2591423853	-3.0031259411	0.0242144495	0.0089438540
1955.9167	0.0145924341	-3.2664889912	-2.9924087643	0.0248096789	0.0068484090
1956.0000	-0.0307198223	-3.2189967877	-2.9453166432	0.0236188656	0.0082484533
1956.0833	0.0369589312	-3.2445897252	-2.9691801152	0.0228665561	0.0106404215
1956.1667	0.0643814032	-3.3071552949	-3.0263836795	0.0228176853	0.0091885454
1956.2500	0.0033624721	-3.3075579576	-3.0145681843	0.0267003518	0.0061307267
1956.3333	-0.0525880518	-3.2254696599	-2.9368080251	0.0256580001	0.0082055332
1956.4167	0.0342982637	-3.2551262711	-2.9657936657	0.0240094525	0.0100053391
1956.5000	0.0480101870	-3.2904174172	-3.0071784607	0.0233649023	0.0119318629
1956.5833	-0.0312973901	-3.2526060012	-2.9594483812	0.0263984739	0.0096568421
1956.6667	-0.0537772089	-3.1943651654	-2.9043960747	0.0289858226	0.0082319356
1956.7500	0.0051247226	-3.1835710515	-2.9018073364	0.0284902704	0.0108024169
1956.8333	0.0059151903	-3.2204381848	-2.8829077010	0.0301702657	0.0099344182
1956.9167	0.0277845081	-3.2405251336	-2.9097680412	0.0324091052	0.0068571918
1957.0000	-0.0352204471	-3.2035886561	-2.8600878675	0.0311206887	0.0071469978
1957.0833	-0.0211695699	-3.1670290640	-2.8199236351	0.0326027085	0.0075134452
1957.1667	0.0213754384	-3.1806454624	-2.8325221298	0.0295782195	0.0075238925
1957.2500	0.0414318698	-3.2141627385	-2.8624742021	0.0302284809	0.0061440410
1957.3333	0.0332913796	-3.2492436487	-2.8924612258	0.0327962744	0.0053352017
1957.4167	-0.0080680788	-3.2353862593	-2.8849400512	0.0323026074	0.0080973667
1957.5000	0.0066447959	-3.2356948732	-2.8902465309	0.0336958639	0.0088669675
1957.5833	-0.0539284262	-3.1807484371	-2.8264692196	0.0348264572	0.0099339045
1957.6667	-0.0618555400	-3.1117399178	-2.7565928711	0.0342758150	0.0103685897
1957.7500	-0.0446099404	-3.0689175326	-2.7185779027	0.0359075383	0.0072210137
1957.8333	0.0223495796	-3.0994936511	-2.7291240099	0.0312176198	0.0136885738
1957.9167	-0.0405429354	-3.0533766047	-2.6814016960	0.0273914066	0.0108475640
1958.0000	0.0462944353	-3.1065660144	-2.7189305206	0.0146225673	0.0205080884
1958.0833	-0.0153267789	-3.0818330414	-2.6937672829	0.0125607820	0.0243207829
1958.1667	0.0322395940	-3.1106013875	-2.7198475454	0.0108014537	0.0258152632
1958.2500	0.0294766252	-3.1377931427	-2.7479709751	0.0120076191	0.0236658715
1958.3333	0.0231328515	-3.1685873225	-2.7596240615	0.0057136460	0.0315338130
1958.4167	0.0287659564	-3.1890752146	-2.7821836786	0.0073826808	0.0282508813
1958.5000	0.0434892542	-3.2337581715	-2.8219766493	0.0089894733	0.0286698370
1958.5833	0.0184814248	-3.2616693086	-2.8313721082	0.0232183557	0.0189261699
1958.6667	0.0457981639	-3.2998935151	-2.8762194790	0.0265932443	0.0228845162
1958.7500	0.0255806917	-3.3277051520	-2.8995015605	0.0255605285	0.0251725087
1958.8333	0.0287245469	-3.3648504125	-2.9198904504	0.0278388774	0.0179524809
1958.9167	0.0496984758	-3.4197414205	-2.9688376438	0.0267490333	0.0154238729
1959.0000	0.0069807412	-3.4262760887	-2.9704911556	0.0264471700	0.0164523104
1959.0833	0.0091194498	-3.4373382727	-2.9681723501	0.0273914066	0.0177385021
1959.1667	0.0025457110	-3.4376123176	-2.9665798358	0.0285874569	0.0171441073
1959.2500	0.0357534948	-3.4785345901	-3.0017117985	0.0284902704	0.0146807765
1959.3333	0.0165795513	-3.4857187415	-3.0175546624	0.0302187786	0.0161301609
1959.4167	-0.0015677509	-3.4796120521	-3.0110707906	0.0320605247	0.0173427031
1959.5000	0.0312717027	-3.5174171110	-3.0423598464	0.0298791393	0.0209023032
1959.5833	-0.0145951790	-3.4867204335	-3.0242100049	0.0379891859	0.0096509406
1959.6667	-0.0488300881	-3.4354312953	-2.9745103952	0.0406907859	0.0090341797
1959.7500	0.0123730309	-3.4536177780	-2.9826346036	0.0398551273	0.0149238527
1959.8333	0.0155491206	-3.4442837184	-2.9927055159	0.0441412796	0.0153330973
1959.9167	0.0252194602	-3.4612223705	-3.0169100319	0.0434425578	0.0049558438
1960.0000	-0.0722322925	-3.3910622972	-2.9398684295	0.0396052546	0.0113730995
1960.0833	0.0098122513	-3.3894333928	-2.9461109035	0.0414394039	0.0072180303
1960.1667	-0.0144469347	-3.3715277867	-2.9292361919	0.0302769909	0.0188579115
1960.2500	-0.0171508313	-3.3543738855	-2.9095258922	0.0302769909	0.0150091559
1960.3333	0.0302751455	-3.3731586592	-2.9340019637	0.0316149394	0.0205622495
1960.4167	0.0211428499	-3.3923995487	-2.9513187041	0.0219180353	0.0264353941
1960.5000	-0.0225198728	-3.3740697674	-2.9246958142	0.0219669501	0.0258066320
1960.5833	0.0281190172	-3.3779506697	-2.9489449609	0.0223679615	0.0220675609
1960.6667	-0.0617138738	-3.3251352709	-2.8851165325	0.0231206460	0.0174560302
1960.7500	-0.0069270144	-3.3186031165	-2.8814864571	0.0211252816	0.0269958382
1960.8333	0.0460226735	-3.3526026909	-2.9197697880	0.0239118200	0.0236010314
1960.9167	0.0457202742	-3.4145605202	-2.9638088142	0.0221234615	0.0219938139
1961.0000	0.0602686748	-3.4696183405	-3.0243287139	0.0231206460	0.0224510700
1961.0833	0.0344936713	-3.5035978876	-3.0501221030	0.0259601017	0.0176478583
1961.1667	0.0281546012	-3.5339494553	-3.0746164662	0.0239606374	0.0204925601
1961.2500	0.0038742468	-3.5432125045	-3.0775927572	0.0227199364	0.0227704803
1961.3333	0.0237086928	-3.5544575304	-3.0956931751	0.0234137464	0.0190349159
1961.4167	-0.0308111916	-3.5291605208	-3.0657200050	0.0225146328	0.0216943801
1961.5000	0.0276240788	-3.5599887474	-3.0963440795	0.0220256448	0.0273016064
1961.5833	0.0251097444	-3.5562063709	-3.1142868717	0.0235211950	0.0231476124
1961.6667	-0.0218561805	-3.5340434480	-3.0929174305	0.0223190662	0.0231476124
1961.7500	0.0251929845	-3.5507819102	-3.1187845594	0.0229740636	0.0239093052
1961.8333	0.0427933797	-3.5566856216	-3.1553192776	0.0254532988	0.0199896359
1961.9167	-0.0009845917	-3.5726407043	-3.1564851800	0.0265542932	0.0183925895
1962.0000	-0.0391732809	-3.5204992351	-3.1152236240	0.0272454489	0.0182852960
1962.0833	0.0172821173	-3.5181461151	-3.1287192855	0.0270508055	0.0187828448
1962.1667	-0.0066478883	-3.5338033087	-3.1202055036	0.0274984287	0.0165165294
1962.2500	-0.0678030915	-3.4654092688	-3.0531702374	0.0271967916	0.0157468355
1962.3333	-0.0905413422	-3.3456990702	-2.9602034852	0.0269534696	0.0169924254
1962.4167	-0.0881162264	-3.2757271234	-2.8717785643	0.0289858226	0.0130887373
1962.5000	0.0606872655	-3.3272327431	-2.9302603911	0.0287429355	0.0163393960
1962.5833	0.0209693524	-3.3523288943	-2.9422973296	0.0280917072	0.0161332775
1962.6667	-0.0535237637	-3.3134803022	-2.8897677108	0.0273914066	0.0154951998
1962.7500	-0.0003349558	-3.3066902617	-2.8908230274	0.0271481319	0.0173924157
1962.8333	0.1024099713	-3.3960086164	-2.9841812974	0.0285874569	0.0149797437
1962.9167	0.0092712164	-3.3980029088	-2.9942278590	0.0292383626	0.0124136463
1963.0000	0.0480383694	-3.4523960430	-3.0388174431	0.0292869206	0.0123686639
1963.0833	-0.0244318550	-3.4197860565	-3.0061822885	0.0289858226	0.0130126019
1963.1667	0.0301275962	-3.4469835669	-3.0376846699	0.0290829609	0.0129153711
1963.2500	0.0436890293	-3.4867431742	-3.0815981750	0.0290829609	0.0130586978
1963.3333	0.0174252208	-3.4870591549	-3.0923686620	0.0299761909	0.0121634862
1963.4167	-0.0204741554	-3.4686903217	-3.0685215471	0.0298791393	0.0120166492
1963.5000	-0.0044996995	-3.4581099291	-3.0614190500	0.0326511035	0.0116152495
1963.5833	0.0488605773	-3.5065399938	-3.1053932105	0.0337925457	0.0098769804
1963.6667	-0.0147189505	-3.4906273505	-3.0906868681	0.0338408832	0.0084528427
1963.7500	0.0244160012	-3.5152675016	-3.1185441467	0.0346815807	0.0099709407
1963.8333	-0.0082220297	-3.4845356601	-3.1041116900	0.0349230298	0.0101152059
1963.9167	0.0184469915	-3.4978839848	-3.1244385205	0.0352223457	0.0083432855
1964.0000	0.0226011076	-3.5260715794	-3.1468983440	0.0349230298	0.0090648144
1964.0833	0.0144291857	-3.5231321463	-3.1526216330	0.0359075383	0.0079463991
1964.1667	0.0141891763	-3.5304938982	-3.1635981704	0.0352706141	0.0081959787
1964.2500	0.0016975395	-3.5315100796	-3.1653982829	0.0344304118	0.0100503359
1964.3333	0.0146863040	-3.5395400501	-3.1725445847	0.0346236243	0.0110269566
1964.4167	0.0118353588	-3.5394436733	-3.1846121973	0.0343337916	0.0096141169
1964.5000	0.0171143792	-3.5622252975	-3.1981633092	0.0344787184	0.0109892803
1964.5833	-0.0140996647	-3.5331443596	-3.1772964489	0.0343821029	0.0110366404
1964.6667	0.0273457395	-3.5474963066	-3.2011262309	0.0354154052	0.0086274177
1964.7500	0.0058409578	-3.5585418927	-3.2048533038	0.0354154052	0.0095551781
1964.8333	0.0001728860	-3.5430981446	-3.1953549692	0.0378351383	0.0082306574
1964.9167	0.0006475641	-3.5374490625	-3.1949749495	0.0374402830	0.0097466940
1965.0000	0.0350070763	-3.5729104819	-3.2234737096	0.0382779612	0.0052420985
1965.0833	0.0037304380	-3.5639652278	-3.2178850466	0.0395668071	0.0053875353
1965.1667	-0.0132421174	-3.5441101200	-3.1991665076	0.0391630192	0.0060708709
1965.2500	0.0299878575	-3.5740583990	-3.2289987102	0.0389706819	0.0054827805
1965.3333	-0.0077410506	-3.5489577936	-3.2174066490	0.0385762748	0.0068020937
1965.4167	-0.0566373864	-3.4862681368	-3.1637486505	0.0379314208	0.0065020422
1965.5000	0.0134067236	-3.5042737751	-3.1734894828	0.0379795586	0.0068380275
1965.5833	0.0271125672	-3.5111516714	-3.1921716032	0.0380854536	0.0067891922
1965.6667	0.0283437099	-3.5402022149	-3.2200993387	0.0400472945	0.0051221660
1965.7500	0.0254627230	-3.5679400378	-3.2434439006	0.0403931026	0.0068231483
1965.8333	-0.0003132853	-3.5375612449	-3.2310203707	0.0403931026	0.0076968489
1965.9167	0.0103328735	-3.5503031612	-3.2363240368	0.0446195746	0.0039627515
1966.0000	0.0084269048	-3.5612767897	-3.2374034256	0.0458047599	0.0019974107
1966.0833	-0.0121350187	-3.5339563694	-3.2156061268	0.0456996793	0.0030682641
1966.1667	-0.0249335813	-3.5036112116	-3.1898002369	0.0449160026	0.0047960806
1966.2500	0.0209009671	-3.5233893330	-3.2058921719	0.0461867783	0.0034166533
1966.3333	-0.0580027169	-3.4510224276	-3.1460395804	0.0456996793	0.0049752059
1966.4167	-0.0140368641	-3.4385800677	-3.1255952958	0.0454512629	0.0052483540
1966.5000	-0.0167943607	-3.4214629295	-3.1074705177	0.0473128831	0.0058558339
1966.5833	-0.0824898770	-3.3190511262	-3.0219706111	0.0491234420	0.0055800634
1966.6667	-0.0108644460	-3.3112323455	-3.0104031067	0.0527916713	0.0031616902
1966.7500	0.0370452613	-3.3543033661	-3.0521355083	0.0517192037	0.0060423145
1966.8333	0.0134389626	-3.3635061512	-3.0505536405	0.0511777877	0.0103428141
1966.9167	0.0025678530	-3.3668201451	-3.0443886237	0.0477991971	0.0087678061
1967.0000	0.0781482913	-3.4347633299	-3.1152053406	0.0448203903	0.0062361344
1967.0833	0.0071488124	-3.4395081006	-3.1127305861	0.0450594040	0.0052025032
1967.1667	0.0387830794	-3.4829700176	-3.1469677684	0.0398551273	0.0102108042
1967.2500	0.0374281733	-3.5242949237	-3.1842424971	0.0371416303	0.0158900175
1967.3333	-0.0432051723	-3.4724602679	-3.1262958931	0.0344787184	0.0190999096
1967.4167	0.0238768214	-3.5002200578	-3.1395929618	0.0392207132	0.0165724554
1967.5000	0.0448693783	-3.5460513334	-3.1800611207	0.0411323464	0.0169259203
1967.5833	-0.0095372757	-3.5266135906	-3.1644138323	0.0435383020	0.0168135373
1967.6667	0.0305383641	-3.5579213060	-3.1928247784	0.0435861707	0.0142611709
1967.7500	-0.0314575182	-3.5162943139	-3.1592331212	0.0447725807	0.0159169714
1967.8333	0.0044607342	-3.5294273664	-3.1562090677	0.0491234420	0.0178830981
1967.9167	0.0295854641	-3.5606993317	-3.1780745624	0.0499513944	0.0175463931
1968.0000	-0.0409287469	-3.5104215524	-3.1284792715	0.0484377211	0.0129210195
1968.0833	-0.0380454606	-3.4633101563	-3.0983824205	0.0498086929	0.0135408407
1968.1667	0.0011330502	-3.4775183666	-3.0966680032	0.0505505186	0.0119264599
1968.2500	0.0857220482	-3.5493851553	-3.1686989959	0.0540524843	0.0068210640
1968.3333	0.0220209659	-3.5734356634	-3.1757864393	0.0557563203	0.0083532254
1968.4167	0.0070354142	-3.5789265668	-3.1795411781	0.0525355225	0.0094061620
1968.5000	-0.0270490306	-3.5437711615	-3.1553145434	0.0512727942	0.0092767061
1968.5833	0.0134109285	-3.5576587207	-3.1611630956	0.0513677916	0.0102580560
1968.6667	0.0392995709	-3.6021598889	-3.1934636656	0.0503033045	0.0076540169
1968.7500	0.0046193787	-3.5930247472	-3.1949838831	0.0539577416	0.0064207955
1968.8333	0.0524105233	-3.6585673132	-3.2362038935	0.0540051141	0.0128327181
1968.9167	-0.0386997956	-3.6137098296	-3.1880983309	0.0617345938	0.0033027708
1969.0000	-0.0117488870	-3.6185884516	-3.1746231623	0.0611891683	0.0055600386
1969.0833	-0.0597419715	-3.5469923819	-3.1208603163	0.0617721984	0.0095996517
1969.1667	0.0252581459	-3.5682099341	-3.1495218062	0.0592024345	0.0140334331
1969.2500	0.0154767386	-3.5892995883	-3.1661088684	0.0580424674	0.0071826237
1969.3333	-0.0001763768	-3.5695910686	-3.1592485808	0.0600785904	0.0088885294
1969.4167	-0.0748898566	-3.4928549283	-3.0974491777	0.0620165938	0.0046753356
1969.5000	-0.0728976942	-3.4234230762	-3.0307497018	0.0682005577	0.0015420924
1969.5833	0.0443340481	-3.4672470668	-3.0654283852	0.0684340487	0.0029022161
1969.6667	-0.0286876968	-3.4341827000	-3.0354943703	0.0683499982	0.0018217068
1969.7500	0.0484467752	-3.4832596475	-3.0731114416	0.0681071460	0.0060276331
1969.8333	-0.0381887196	-3.4517001636	-3.0340139401	0.0722462402	0.0084473156
1969.9167	-0.0257073404	-3.4286233114	-3.0107808489	0.0785708558	0.0086990717
1970.0000	-0.0818385211	-3.3483266407	-2.9271184697	0.0771184362	0.0016880146
1970.0833	0.0490105615	-3.4044977962	-2.9743790179	0.0670042288	0.0151893619
1970.1667	-0.0102671508	-3.3908033646	-2.9717555965	0.0620635860	0.0133021027
1970.2500	-0.1165591210	-3.2867627345	-2.8728193948	0.0674810626	0.0122982580
1970.3333	-0.0720405699	-3.2335556537	-2.8058373193	0.0682846207	0.0167992795
1970.4167	-0.0579561600	-3.1764566673	-2.7504483994	0.0621669612	0.0237873256
1970.5000	0.0666736375	-3.2372328237	-2.8174404638	0.0612456054	0.0237489875
1970.5833	0.0438169027	-3.2951696956	-2.8572120171	0.0611421349	0.0188673393
1970.6667	0.0414192725	-3.3390675797	-2.8870321449	0.0575611105	0.0212341260
1970.7500	-0.0233174426	-3.3148119971	-2.8712052629	0.0576460727	0.0258424913
1970.8333	0.0447376521	-3.3700542747	-2.9142791284	0.0484853558	0.0338951690
1970.9167	0.0551720696	-3.4346978969	-2.9662208835	0.0479517175	0.0301891569
1971.0000	0.0469516319	-3.4858233476	-3.0021672012	0.0410843601	0.0312007979
1971.0833	0.0134329006	-3.5017327730	-3.0074806023	0.0337345377	0.0366263973
1971.1667	0.0408847179	-3.5416990397	-3.0399099236	0.0339375510	0.0361265404
1971.2500	0.0299882822	-3.5713270781	-3.0715857032	0.0389225918	0.0338919062
1971.3333	-0.0402101892	-3.5309045381	-3.0251858587	0.0428487393	0.0346297612
1971.4167	-0.0003862859	-3.5326687789	-3.0219506232	0.0515197687	0.0246510397
1971.5000	-0.0453802411	-3.5050888845	-2.9756725631	0.0522033801	0.0242607103
1971.5833	0.0371922915	-3.5262212344	-3.0070723744	0.0438924758	0.0300214057
1971.6667	-0.0086561936	-3.5225608763	-2.9960373842	0.0452601314	0.0274488741
1971.7500	-0.0453821806	-3.4873693437	-2.9490989053	0.0425037795	0.0321530948
1971.8333	-0.0047627634	-3.4811947322	-2.9423204319	0.0422162221	0.0325201097
1971.9167	0.0841841988	-3.5637291850	-3.0207763535	0.0366019024	0.0370315959
1972.0000	0.0251441989	-3.5870615649	-3.0346592706	0.0328446600	0.0386417223
1972.0833	0.0282124932	-3.6141319915	-3.0555879393	0.0330478540	0.0391938654
1972.1667	0.0060976037	-3.6265186201	-3.0574389872	0.0373921192	0.0356619654
1972.2500	0.0025314714	-3.6377310144	-3.0576880416	0.0354250572	0.0384851031
1972.3333	0.0133045472	-3.6383055876	-3.0721665139	0.0376906971	0.0370140164
1972.4167	-0.0239143258	-3.6174332929	-3.0445527723	0.0399512155	0.0341974468
1972.5000	-0.0073415760	-3.6083651071	-3.0426292686	0.0373921192	0.0350923192
1972.5833	0.0323489749	-3.6471385413	-3.0722667246	0.0450116058	0.0272644869
1972.6667	-0.0112416798	-3.6344359341	-3.0631756580	0.0451549935	0.0263753837
1972.7500	0.0047526864	-3.6484094539	-3.0680241819	0.0465304701	0.0252101889
1972.8333	0.0448357979	-3.6670340923	-3.1099386720	0.0482948034	0.0207801400
1972.9167	0.0070044648	-3.6784049162	-3.1155981630	0.0503508504	0.0208833381
1973.0000	-0.0308302280	-3.6438430932	-3.0934326212	0.0560967394	0.0148460096
1973.0833	-0.0477848356	-3.5941297930	-3.0503393771	0.0577499055	0.0154233105
1973.1667	-0.0106835477	-3.5899160160	-3.0440472995	0.0629841888	0.0132762957
1973.2500	-0.0542059210	-3.5243812794	-2.9970887133	0.0612456054	0.0119393485
1973.3333	-0.0272142232	-3.5024362184	-2.9727492520	0.0680978044	0.0071369745
1973.4167	-0.0131961970	-3.4921441323	-2.9609055793	0.0734827768	-0.0006145080
1973.5000	0.0465894925	-3.5335904228	-2.9924419371	0.0814509464	-0.0079903281
1973.5833	-0.0365465494	-3.4855297897	-2.9493583336	0.0845709015	-0.0083325723
1973.6667	0.0445430656	-3.5436710500	-2.9829944152	0.0685741172	0.0027446346
1973.7500	-0.0064577104	-3.5279312636	-2.9754390726	0.0722462402	0.0062649370
1973.8333	-0.1307345358	-3.3807301543	-2.8483333297	0.0716506697	0.0020732911
1973.9167	0.0059933194	-3.3830540383	-2.8585810948	0.0732225803	0.0029389355
1974.0000	-0.0040299433	-3.3812158001	-2.8422771121	0.0734827768	0.0026000572
1974.0833	-0.0024784187	-3.3671029574	-2.8324774547	0.0731946981	0.0043953664
1974.1667	-0.0294210965	-3.3336619541	-2.8027912728	0.0810913884	-0.0045263576
1974.2500	-0.0533687449	-3.2772007088	-2.7565296783	0.0869755430	-0.0048013879
1974.3333	-0.0463627563	-3.2256298158	-2.7160160793	0.0791346032	0.0049582903
1974.4167	-0.0267438747	-3.1940105461	-2.6948958215	0.0720415529	0.0073004844
1974.5000	-0.0792731459	-3.1187017982	-2.6072787516	0.0752187835	0.0092869196
1974.5833	-0.0960038653	-3.0048759856	-2.5060715351	0.0871497008	-0.0019705343
1974.6667	-0.1248273782	-2.8741383435	-2.3724467486	0.0627118538	0.0285057136
1974.7500	0.1475202395	-3.0230939183	-2.5174046794	0.0764609161	0.0240631777
1974.8333	-0.0481721924	-2.9769221888	-2.4567099684	0.0732876358	0.0128659556
1974.9167	-0.0324024154	-2.9389477000	-2.4303405663	0.0693674680	0.0218458557
1975.0000	0.1249072825	-3.0746838654	-2.5409836258	0.0559927347	0.0306970037
1975.0833	0.0533842752	-3.1106652414	-2.5939782005	0.0532658476	0.0362217162
1975.1667	0.0248075592	-3.1274541679	-2.6103001456	0.0548385027	0.0317492920
1975.2500	0.0417337480	-3.1701747255	-2.6522481859	0.0542514148	0.0348926901
1975.3333	0.0484663074	-3.2184801238	-2.6911882297	0.0513202940	0.0378420496
1975.4167	0.0460400129	-3.2614778469	-2.7303583282	0.0590233404	0.0290943519
1975.5000	-0.0691565297	-3.1862552725	-2.6565808659	0.0615277433	0.0261568410
1975.5833	-0.0262880961	-3.1738618790	-2.6315731288	0.0626930693	0.0277518996
1975.6667	-0.0424594526	-3.1246913265	-2.5926148179	0.0648322280	0.0246990376
1975.7500	0.0509141963	-3.1736105714	-2.6487609666	0.0556144448	0.0330972986
1975.8333	0.0270292455	-3.2133462563	-2.6695105109	0.0547248997	0.0336162965
1975.9167	-0.0159833035	-3.1963506527	-2.6542908569	0.0515197687	0.0338223133
1976.0000	0.1147557196	-3.3103835109	-2.7617546365	0.0468263324	0.0382833993
1976.0833	0.0005035206	-3.3096167368	-2.7459549617	0.0495612953	0.0365512255
1976.1667	0.0240514548	-3.3289848505	-2.7718689269	0.0492757605	0.0353006514
1976.2500	-0.0154629097	-3.3290342295	-2.7559110452	0.0486758719	0.0347862794
1976.3333	-0.0125849774	-3.2800523251	-2.7365648042	0.0543366587	0.0329556130
1976.4167	0.0407107995	-3.3212264856	-2.7718218510	0.0531805125	0.0310801209
1976.5000	-0.0122121574	-3.3219512047	-2.7585856519	0.0513202940	0.0325715342
1976.5833	-0.0048591938	-3.2782695150	-2.7483267625	0.0506455847	0.0345790358
1976.6667	0.0208350409	-3.3004776769	-2.7656195250	0.0502462464	0.0309025724
1976.7500	-0.0258827232	-3.2817396381	-2.7376631836	0.0485806184	0.0334559728
1976.8333	0.0003065846	-3.2219287319	-2.7244175018	0.0439881769	0.0367214832
1976.9167	0.0547604747	-3.2799634301	-2.7701721396	0.0430978029	0.0350870201
1977.0000	-0.0418755253	-3.2315551133	-2.7126057939	0.0474177943	0.0320857975
1977.0833	-0.0202458227	-3.1821289264	-2.6850253927	0.0468263324	0.0339941143
1977.1667	-0.0138383321	-3.1658891788	-2.6652508903	0.0450594040	0.0334773857
1977.2500	-0.0002379595	-3.1661078262	-2.6592793866	0.0465304701	0.0343868026
1977.3333	-0.0160113683	-3.1161619944	-2.6292927712	0.0498657760	0.0302063974
1977.4167	0.0469872240	-3.1580576688	-2.6675546930	0.0494661261	0.0281936391
1977.5000	-0.0189025102	-3.1439359629	-2.6447572391	0.0534649347	0.0243253463
1977.5833	-0.0196243144	-3.1008730593	-2.6170896553	0.0551224538	0.0243921391
1977.6667	-0.0035771335	-3.0898855641	-2.6082461174	0.0583255103	0.0196979256
1977.7500	-0.0456382517	-3.0454567168	-2.5573748748	0.0606716795	0.0207241921
1977.8333	0.0381249765	-3.0565218318	-2.5775303644	0.0600785904	0.0223235668
1977.9167	0.0022127228	-3.0529696864	-2.5739619840	0.0605587373	0.0227732984
1978.0000	-0.0639435975	-2.9875303706	-2.5041951236	0.0635661736	0.0225095438
1978.0833	-0.0162437361	-2.9533023965	-2.4728813583	0.0633784735	0.0222046987
1978.1667	0.0270278276	-2.9759728315	-2.4913052862	0.0639414679	0.0183568213
1978.2500	0.0736916800	-3.0498191053	-2.5669040016	0.0617157910	0.0234017641
1978.3333	0.0152647826	-3.0484419603	-2.5648045373	0.0656004571	0.0202609161
1978.4167	-0.0177856846	-3.0232501910	-2.5407777232	0.0691528587	0.0204354130
1978.5000	0.0502434904	-3.0660624955	-2.5867638403	0.0678268586	0.0219417615
1978.5833	0.0330143995	-3.0902435205	-2.6058787617	0.0741608279	0.0100698522
1978.6667	-0.0122380827	-3.0758021133	-2.5921543882	0.0783674591	0.0061926560
1978.7500	-0.1194885497	-2.9430134782	-2.4890052146	0.0856454445	0.0032562832
1978.8333	0.0260832373	-2.9699430199	-2.4984509709	0.0881940107	-0.0003026232
1978.9167	0.0089878902	-2.9747285291	-2.5062226472	0.0905534298	0.0067283376
1979.0000	0.0387346751	-3.0071442697	-2.5372802306	0.0908639463	-0.0024866083
1979.0833	-0.0350197399	-2.9612630053	-2.4922141320	0.0923786142	-0.0025776744
1979.1667	0.0535527170	-3.0143784840	-2.5381031016	0.0922600784	-0.0024838834
1979.2500	-0.0008291053	-3.0058926365	-2.5313602181	0.0928799565	-0.0017264299
1979.3333	-0.0218539521	-2.9690076131	-2.4963260649	0.0935996267	-0.0017063060
1979.4167	0.0372035438	-3.0085187437	-2.5259776793	0.0876170269	0.0027487648
1979.5000	0.0055536439	-3.0090065304	-2.5258751567	0.0898315632	0.0009345024
1979.5833	0.0549722219	-3.0452382167	-2.5688591434	0.0957555352	-0.0075154036
1979.6667	-0.0062353288	-3.0448836364	-2.5602016810	0.0987768911	-0.0076370644
1979.7500	-0.0827940772	-2.9595134849	-2.4802133005	0.1173473852	-0.0143074017
1979.8333	0.0514895033	-2.9991931116	-2.5131173596	0.1111656333	-0.0012992639
1979.9167	0.0153985315	-3.0150565817	-2.5209861095	0.1155850663	0.0126862355
1980.0000	0.0550912854	-3.0720571472	-2.5677761416	0.1163063904	-0.0056729592
1980.0833	-0.0077064147	-3.0475837623	-2.5542357936	0.1345920799	-0.0109383558
1980.1667	-0.1351393050	-2.9107063258	-2.4378111046	0.1432168369	-0.0183417346
1980.2500	0.0366064357	-2.9497269889	-2.4693633837	0.1010663087	0.0253269623
1980.3333	0.0491558805	-2.9994990557	-2.5061941978	0.0760717570	0.0349117831
1980.4167	0.0294200277	-3.0194709887	-2.5241924911	0.0778217817	0.0404057160
1980.5000	0.0607774945	-3.0742826917	-2.5787902156	0.0843871033	0.0326790880
1980.5833	0.0141082433	-3.0866386637	-2.5762656655	0.0969996609	0.0212104613
1980.6667	0.0191335934	-3.0929095194	-2.5928476747	0.1110403548	0.0109957798
1980.7500	0.0097858622	-3.1006437148	-2.6001746113	0.1215536956	0.0084318512
1980.8333	0.0925298801	-3.1979957580	-2.6891490450	0.1389877297	-0.0147791568
1980.9167	-0.0496396476	-3.1501656351	-2.6462650342	0.1373939234	0.0060424215
1981.0000	-0.0526180006	-3.1079153409	-2.5913741719	0.1399966974	-0.0097826819
1981.0833	0.0060202023	-3.1063677821	-2.5965589776	0.1366963788	-0.0059987338
1981.1667	0.0302307233	-3.1352869794	-2.6240165989	0.1204372878	0.0027656669
1981.2500	-0.0268355696	-3.1173561005	-2.5921261822	0.1424973282	0.0005357951
1981.3333	0.0005744180	-3.1121735432	-2.5823792081	0.1446543031	-0.0158809256
1981.4167	-0.0226878664	-3.0893410702	-2.5638924511	0.1372370183	-0.0057941703
1981.5000	-0.0130547502	-3.0928793635	-2.5535967650	0.1426447396	-0.0050319069
1981.5833	-0.0688185404	-3.0039558893	-2.4814676639	0.1487820086	-0.0006786799
1981.6667	-0.0768898774	-2.9340721763	-2.4181783477	0.1389529196	0.0130118139
1981.7500	0.0443052868	-2.9817681378	-2.4584087606	0.1231552461	0.0235152297
1981.8333	0.0351566918	-3.0112468679	-2.4866572909	0.1006233128	0.0354303222
1981.9167	-0.0375569900	-2.9766458222	-2.4484909214	0.1075261689	0.0410481720
1982.0000	-0.0326977253	-2.9531976965	-2.4237349820	0.1206588964	0.0286313804
1982.0833	-0.0623713072	-2.8771989925	-2.3542693269	0.1197278100	0.0303331108
1982.1667	-0.0202714816	-2.8562694280	-2.3370920317	0.1271787573	0.0101667096
1982.2500	0.0298340160	-2.9017134156	-2.3700287039	0.1187958559	0.0196216197
1982.3333	-0.0376528639	-2.8387699740	-2.3238210853	0.1114429799	0.0250171445
1982.4167	-0.0334342769	-2.8179892934	-2.2971033838	0.1232878563	0.0267548804
1982.5000	-0.0307906011	-2.7931465143	-2.2682496806	0.0991573155	0.0509305738
1982.5833	0.1093669208	-2.8901999106	-2.3724165603	0.0824091362	0.0682236660
1982.6667	0.0072824015	-2.8998051396	-2.3744693567	0.0749312046	0.0538503155
1982.7500	0.1046797002	-3.0147403111	-2.4745424749	0.0775071883	0.0401922874
1982.8333	0.0389551954	-3.0349427061	-2.5054349626	0.0811651544	0.0369568021
1982.9167	0.0096481950	-3.0539684168	-2.5159069769	0.0777015077	0.0342932326
1983.0000	0.0306010045	-3.0754416924	-2.5443907488	0.0793563183	0.0341483502
1983.0833	0.0213044663	-3.0997381754	-2.5591112610	0.0779235407	0.0417952234
1983.1667	0.0269550305	-3.1281995222	-2.5875903121	0.0846719761	0.0286716992
1983.2500	0.0637857033	-3.1965097146	-2.6559623830	0.0793193692	0.0309557959
1983.3333	-0.0003868972	-3.2125252811	-2.6396784556	0.0848832809	0.0308218461
1983.4167	0.0314583226	-3.2280790926	-2.6704503333	0.0860033691	0.0276289491
1983.5000	-0.0371998910	-3.1987694858	-2.6328695743	0.0902702278	0.0292327743
1983.5833	0.0016755662	-3.2138768021	-2.6401315073	0.0905808322	0.0303556711
1983.6667	0.0089529024	-3.2051098339	-2.6462609094	0.0853333031	0.0326993520
1983.7500	-0.0289039558	-3.1863686967	-2.6268253032	0.0832744032	0.0344761734
1983.8333	0.0199554760	-3.2120844128	-2.6399732137	0.0870672088	0.0353842955
1983.9167	-0.0154642783	-3.1735062531	-2.6269889320	0.0878002324	0.0355079728
1984.0000	-0.0178299932	-3.1583485221	-2.6129194523	0.0871680314	0.0299998977
1984.0833	-0.0445537888	-3.1263293287	-2.5684972841	0.0895390132	0.0288747037
1984.1667	0.0086964006	-3.1252350494	-2.5771401502	0.0950010411	0.0271667999
1984.2500	-0.0032532173	-3.1176183411	-2.5774646067	0.0949555715	0.0319471676
1984.3333	-0.0608625375	-3.0599781887	-2.5111735664	0.0953010889	0.0352265817
1984.4167	0.0146993797	-3.0642642357	-2.5234178615	0.0968907482	0.0376163645
1984.5000	-0.0264645187	-3.0331060099	-2.5017880204	0.1014548987	0.0339805879
1984.5833	0.0990716333	-3.1346635916	-2.5978216938	0.1034857594	0.0192412539
1984.6667	-0.0063148457	-3.1337101578	-2.5893444526	0.0991573155	0.0199654312
1984.7500	-0.0081362315	-3.1042002938	-2.5841181018	0.0882031665	0.0363998708
1984.8333	-0.0172766670	-3.1089500222	-2.5637508666	0.0828510682	0.0444594537
1984.9167	0.0168921824	-3.1192298972	-2.5807652938	0.0772480370	0.0412568523
1985.0000	0.0707258374	-3.1863482622	-2.6470228716	0.0791438423	0.0403090997
1985.0833	0.0102429482	-3.1935876677	-2.6504300297	0.0834400072	0.0401793460
1985.1667	-0.0061250084	-3.1839285654	-2.6423978970	0.0802796027	0.0405129479
1985.2500	-0.0106442358	-3.1722466294	-2.6328485398	0.0771462092	0.0444278671
1985.3333	0.0509067450	-3.2184960425	-2.6805692438	0.0703093379	0.0428865721
1985.4167	0.0108585129	-3.2332741038	-2.6877341304	0.0674156283	0.0396152384
1985.5000	-0.0090289309	-3.2159619729	-2.6781169411	0.0716692867	0.0358611290
1985.5833	-0.0099797412	-3.2015554144	-2.6613145388	0.0704118642	0.0364977242
1985.6667	-0.0439595559	-3.1560901996	-2.6212602486	0.0698525019	0.0366964866
1985.7500	0.0370544934	-3.2010392021	-2.6587133024	0.0708963920	0.0352660140
1985.8333	0.0601289800	-3.2475289265	-2.7175863006	0.0705982488	0.0366658611
1985.9167	0.0371709536	-3.2844393358	-2.7575191975	0.0695540473	0.0393913886
1986.0000	0.0018140522	-3.2860767099	-2.7562467649	0.0687701800	0.0301267054
1986.0833	0.0649176442	-3.3396870276	-2.8216733066	0.0692461727	0.0251424721
1986.1667	0.0479451582	-3.3922639561	-2.8695109164	0.0627118538	0.0253460370
1986.2500	-0.0183551390	-3.3646017796	-2.8519098832	0.0603704719	0.0269430517
1986.3333	0.0452877362	-3.3735684191	-2.8975777681	0.0622985142	0.0273012004
1986.4167	0.0092925345	-3.3754513255	-2.9082592214	0.0592212847	0.0301862326
1986.5000	-0.0623302285	-3.3074773563	-2.8445627276	0.0573628374	0.0302850027
1986.5833	0.0651421560	-3.3777410909	-2.9101243331	0.0512252921	0.0336541894
1986.6667	-0.0863972168	-3.2881189946	-2.8176128587	0.0516242396	0.0353212637
1986.7500	0.0470021618	-3.3201099135	-2.8681454007	0.0516147427	0.0349410726
1986.8333	0.0138679372	-3.3118296512	-2.8866510581	0.0534649347	0.0348284594
1986.9167	-0.0310158642	-3.2759354051	-2.8552183577	0.0562007332	0.0316220409
1987.0000	0.1173286626	-3.3973146149	-2.9760009509	0.0555103899	0.0259805864
1987.0833	0.0368876889	-3.4351964368	-3.0092706076	0.0540430105	0.0281940760
1987.1667	0.0199126287	-3.4440272540	-3.0323386491	0.0556144448	0.0295767057
1987.2500	-0.0196584738	-3.4097047913	-3.0184546120	0.0547343671	0.0373637338
1987.3333	0.0026125662	-3.4439618239	-3.0221083373	0.0562858110	0.0367315426
1987.4167	0.0414431826	-3.4819948578	-3.0665536484	0.0567866781	0.0410144908
1987.5000	0.0418780163	-3.5120560497	-3.1106245564	0.0600691735	0.0355258477
1987.5833	0.0303552488	-3.5299223663	-3.1419692982	0.0610574693	0.0372400008
1987.6667	-0.0256604411	-3.4969014907	-3.1144984540	0.0653100984	0.0339704069
1987.7500	-0.2520974500	-3.2423819928	-2.8652230039	0.0522887987	0.0605844715
1987.8333	-0.0812941058	-3.1636091045	-2.7721777487	0.0539672163	0.0608740621
1987.9167	0.0630515060	-3.2238704743	-2.8386890906	0.0562858110	0.0601031204
1988.0000	0.0414557547	-3.2610502601	-2.8739132435	0.0558981756	0.0427179024
1988.0833	0.0438318753	-3.2483408922	-2.9104872188	0.0556901142	0.0394137848
1988.1667	-0.0270166910	-3.2236851600	-2.8722018620	0.0565788015	0.0339929719
1988.2500	0.0060372827	-3.2432298107	-2.8756601639	0.0592024345	0.0363602145
1988.3333	-0.0013135988	-3.2237606697	-2.8729436469	0.0645416461	0.0374156099
1988.4167	0.0429299651	-3.2715390306	-2.9094371798	0.0648228557	0.0306863264
1988.5000	-0.0110787221	-3.2531842539	-2.8977920591	0.0685741172	0.0331366757
1988.5833	-0.0348557049	-3.2063995314	-2.8522465748	0.0719578051	0.0267463048
1988.6667	0.0311698195	-3.2413409177	-2.8850642539	0.0714644812	0.0251730594
1988.7500	0.0160448478	-3.2367944996	-2.9044449432	0.0724973901	0.0256105299
1988.8333	-0.0205979145	-3.1908069025	-2.8791597295	0.0769980775	0.0242664814
1988.9167	0.0133413430	-3.1859169958	-2.8875653151	0.0796056891	0.0273769185
1989.0000	0.0595226149	-3.2162727185	-2.9500048596	0.0824091362	0.0159725331
1989.0833	-0.0246555214	-3.2305728143	-2.9144121478	0.0854526628	0.0193765962
1989.1667	0.0150619490	-3.2399112188	-2.9288215810	0.0872321859	0.0093790005
1989.2500	0.0397202720	-3.2757899819	-2.9717730130	0.0825656762	0.0112572233
1989.3333	0.0298122649	-3.2792071038	-3.0004179294	0.0844973862	0.0089474571
1989.4167	-0.0094032914	-3.2663365030	-2.9866067945	0.0785616114	0.0077845751
1989.5000	0.0718056422	-3.3406027616	-3.0665937166	0.0767110099	0.0100290083
1989.5833	0.0132259508	-3.3447981540	-3.0773185915	0.0776089793	0.0108423402
1989.6667	-0.0093318764	-3.3234928083	-3.0661018825	0.0777940274	0.0115887699
1989.7500	-0.0355565324	-3.3087288946	-3.0364948964	0.0764794437	0.0113662244
1989.8333	0.0133453370	-3.3396844489	-3.0488084674	0.0747363461	0.0168553722
1989.9167	0.0150155889	-3.3582832015	-3.0659234130	0.0743929315	0.0241360892
1990.0000	-0.0761534004	-3.2998970752	-2.9914012826	0.0761829607	0.0124359388
1990.0833	0.0075310789	-3.2938448688	-2.9966918870	0.0764701799	0.0139774730
1990.1667	0.0168966184	-3.3145000190	-3.0174556123	0.0767387942	0.0126146615
1990.2500	-0.0347051715	-3.2676169209	-2.9870388131	0.0766183898	0.0179102111
1990.3333	0.0782979226	-3.3558665674	-3.0718880581	0.0762663555	0.0196864378
1990.4167	-0.0116492683	-3.3406279268	-3.0598202696	0.0761644276	0.0149287469
1990.5000	-0.0107902540	-3.3321042056	-3.0510656285	0.0737893500	0.0163820834
1990.5833	-0.0976243983	-3.2379752047	-2.9484973541	0.0728042656	0.0177230801
1990.6667	-0.0561987504	-3.2003848796	-2.8924634719	0.0704025441	0.0234659556
1990.7500	-0.0159831981	-3.1849060170	-2.8825455548	0.0701322222	0.0257650399
1990.8333	0.0552750504	-3.2347566867	-2.9375654533	0.0692461727	0.0245345738
1990.9167	0.0217779313	-3.2525526745	-2.9589131925	0.0636318602	0.0335980356
1991.0000	0.0366114051	-3.2891096989	-2.9965370245	0.0612361995	0.0294367444
1991.0833	0.0658135106	-3.3514011975	-3.0586055305	0.0597866237	0.0290496973
1991.1667	0.0196944298	-3.3765229733	-3.0775288236	0.0568717061	0.0283329863
1991.2500	-0.0023968164	-3.3760749730	-3.0757853420	0.0546396890	0.0321482258
1991.3333	0.0347422489	-3.4204915733	-3.1115516381	0.0548290363	0.0324138754
1991.4167	-0.0471576487	-3.3787270693	-3.0603929417	0.0549236965	0.0357379309
1991.5000	0.0394708939	-3.4297925968	-3.1030544345	0.0548385027	0.0322483792
1991.5833	0.0191594044	-3.4487818662	-3.1212933748	0.0528770396	0.0321812724
1991.6667	-0.0176280910	-3.4232899331	-3.1007462179	0.0507216310	0.0339079015
1991.7500	0.0113307992	-3.4497154348	-3.1122198053	0.0479040574	0.0352907211
1991.8333	-0.0425402487	-3.4055749624	-3.0670321666	0.0432893481	0.0415693392
1991.9167	0.0961237624	-3.5054449504	-3.1725307377	0.0384800543	0.0433314496
1992.0000	-0.0132539909	-3.5038437980	-3.1517431938	0.0382779612	0.0422189186
1992.0833	0.0089929946	-3.5193830407	-3.1606248232	0.0391630192	0.0418652633
1992.1667	-0.0236322783	-3.4813951022	-3.1378893880	0.0403546853	0.0408700652
1992.2500	0.0188145875	-3.5156524937	-3.1640304360	0.0369007163	0.0455718647
1992.3333	0.0028097905	-3.5200746204	-3.1636260904	0.0369007163	0.0438357049
1992.4167	-0.0197037864	-3.4877426545	-3.1447488206	0.0356180776	0.0444689835
1992.5000	0.0369498600	-3.5290959365	-3.1812460207	0.0317602607	0.0473125851
1992.5833	-0.0221593140	-3.5072010359	-3.1548391671	0.0315568049	0.0466964797
1992.6667	0.0064171545	-3.5074411503	-3.1617913792	0.0269047980	0.0496754707
1992.7500	0.0045509197	-3.5145956901	-3.1608622441	0.0295782195	0.0495354182
1992.8333	0.0314264675	-3.5388306782	-3.1876651900	0.0326414247	0.0515367633
1992.9167	0.0123621466	-3.5535455218	-3.1947073052	0.0307716587	0.0479551730
1993.0000	0.0074505229	-3.5601533942	-3.1982714213	0.0289858226	0.0478995406
1993.0833	0.0099840182	-3.5730058094	-3.2052552258	0.0294811293	0.0474258553
1993.1667	0.0216215085	-3.5825098087	-3.2203464521	0.0288886748	0.0448367511
1993.2500	-0.0254806146	-3.5602617592	-3.1914925074	0.0290829609	0.0438179009
1993.3333	0.0224196462	-3.5759662004	-3.2108568329	0.0305680016	0.0425571861
1993.4167	0.0024560204	-3.5781567277	-3.2085224197	0.0302769909	0.0425101947
1993.5000	-0.0034224793	-3.5760098848	-3.1999324736	0.0302769909	0.0408142187
1993.5833	0.0341829603	-3.6081063472	-3.2305468031	0.0300732330	0.0380279760
1993.6667	-0.0065187548	-3.5969369613	-3.2172809933	0.0291800898	0.0370359648
1993.7500	0.0149384322	-3.6095678531	-3.2329367326	0.0302769909	0.0366433680
1993.8333	-0.0176298603	-3.5885066865	-3.2164030119	0.0313629989	0.0398658291
1993.9167	0.0156561222	-3.6061600950	-3.2229171024	0.0300732330	0.0379892637
1994.0000	0.0285215681	-3.6277692035	-3.2515655833	0.0295782195	0.0393733623
1994.0833	-0.0291549695	-3.5933380679	-3.2177356679	0.0335314832	0.0397894217
1994.1667	-0.0463697057	-3.5534865793	-3.1675965513	0.0347298752	0.0387771941
1994.2500	0.0111768552	-3.5599344458	-3.1750732022	0.0385762748	0.0403277402
1994.3333	0.0075742434	-3.5630546496	-3.1834219919	0.0419285820	0.0396882731
1994.4167	-0.0292344285	-3.5330828299	-3.1523093459	0.0413338635	0.0420499409
1994.5000	0.0289145122	-3.5623951252	-3.1785995210	0.0425037795	0.0392295930
1994.5833	0.0348502361	-3.5960985775	-3.2108167339	0.0453557017	0.0346548594
1994.6667	-0.0253444749	-3.5695215997	-3.1788581478	0.0464254657	0.0361734869
1994.7500	0.0101689426	-3.5736643978	-3.1935001298	0.0499418816	0.0397690812
1994.8333	-0.0421912145	-3.5355456034	-3.1472091035	0.0551224538	0.0349237383
1994.9167	0.0100331979	-3.5325631928	-3.1534839014	0.0548290363	0.0349480910
1995.0000	0.0188494757	-3.5472478176	-3.1706285517	0.0577593444	0.0306892584
1995.0833	0.0326419878	-3.5849499673	-3.1992707814	0.0570795218	0.0303944552
1995.1667	0.0221054625	-3.6045797626	-3.2194826475	0.0564748469	0.0219369789
1995.2500	0.0190310853	-3.6210701869	-3.2392544277	0.0563803334	0.0214824601
1995.3333	0.0296297499	-3.6487744904	-3.2671780831	0.0558036076	0.0188197385
1995.4167	0.0168821140	-3.6676205470	-3.2805486381	0.0539482668	0.0185683474
1995.5000	0.0294083354	-3.6674133066	-3.3037480185	0.0537397993	0.0184448306
1995.5833	0.0025582650	-3.6660395510	-3.2954102645	0.0524880803	0.0206923043
1995.6667	0.0340972562	-3.7019241844	-3.3267710683	0.0520040417	0.0184604423
1995.7500	-0.0167760011	-3.6829059048	-3.3141247426	0.0527916713	0.0201036435
1995.8333	0.0418791640	-3.7168235272	-3.3467572523	0.0527821854	0.0150823334
1995.9167	0.0146039026	-3.7347456074	-3.3565116419	0.0492662413	0.0211737222
1996.0000	0.0279033342	-3.7594566571	-3.3810601619	0.0487806403	0.0177676241
1996.0833	0.0080038293	-3.7584658443	-3.3804783578	0.0485901442	0.0189655163
1996.1667	0.0086911932	-3.7663829237	-3.3809278292	0.0496564555	0.0202882599
1996.2500	0.0089493222	-3.7721962981	-3.3866327006	0.0497611212	0.0250936232
1996.3333	0.0185026421	-3.7866941331	-3.4016495702	0.0500465175	0.0243509594
1996.4167	-0.0035132892	-3.7839621204	-3.3963814467	0.0500465175	0.0272264579
1996.5000	-0.0513067288	-3.7380153357	-3.3417380516	0.0514247857	0.0246296791
1996.5833	0.0229932902	-3.7692810748	-3.3526219678	0.0511302811	0.0220922370
1996.6667	0.0425008286	-3.8035455773	-3.3976825927	0.0487711164	0.0251225304
1996.7500	0.0148924975	-3.8084262617	-3.4147266062	0.0498562624	0.0228686880
1996.8333	0.0605391831	-3.8735378421	-3.4768602248	0.0496564555	0.0202884596
1996.9167	-0.0181145135	-3.8473567691	-3.4465195067	0.0501321205	0.0219366191
1997.0000	0.0440639776	-3.8969268428	-3.4971911801	0.0499513944	0.0230813160
1997.0833	0.0069315631	-3.9043472946	-3.4943396973	0.0506360785	0.0212283006
1997.1667	-0.0454231011	-3.8482405841	-3.4421056443	0.0515007729	0.0218739481
1997.2500	0.0393881309	-3.8840110991	-3.4899209945	0.0513202940	0.0257629894
1997.3333	0.0568849504	-3.9480214736	-3.5379775841	0.0502177162	0.0298709908
1997.4167	0.0421212235	-3.9856137959	-3.5717217505	0.0501606532	0.0222644578
1997.5000	0.0639075027	-4.0412489509	-3.6386776185	0.0506836086	0.0190623749
1997.5833	-0.0486090078	-3.9999342945	-3.5713175608	0.0505124896	0.0207510344
1997.6667	0.0515822775	-4.0457191937	-3.6149750931	0.0488663517	0.0226627097
1997.7500	-0.0345723952	-4.0109101426	-3.5726534269	0.0503413414	0.0198880515
1997.8333	0.0321227680	-4.0470743045	-3.6090912031	0.0512727942	0.0177480350
1997.9167	0.0203977143	-4.0592642035	-3.6175679650	0.0517381954	0.0155949316
1998.0000	-0.0050693108	-4.0548530341	-3.6209884621	0.0502177162	0.0149788989
1998.0833	0.0625051946	-4.1137381684	-3.6824327216	0.0514437831	0.0146183762
1998.1667	0.0483709371	-4.1647705644	-3.7245807041	0.0500370056	0.0140601514
1998.2500	0.0051669039	-4.1615244662	-3.7282065518	0.0482471596	0.0185609203
1998.3333	-0.0230980776	-4.1416314714	-3.7038202458	0.0486091954	0.0200994189
1998.4167	0.0209096975	-4.1550171152	-3.7371489573	0.0491996041	0.0172988649
1998.5000	-0.0296778803	-4.1329189602	-3.7207378279	0.0491710440	0.0170855336
1998.5833	-0.1642864644	-3.9613888889	-3.5584462560	0.0470839475	0.0173196066
1998.6667	0.0447939777	-4.0011300672	-3.6143284217	0.0421970487	0.0225454832
1998.7500	0.0745802474	-4.0802292989	-3.6872878864	0.0421587007	0.0268496803
1998.8333	0.0485200960	-4.1259761453	-3.7405152021	0.0436531829	0.0186676641
1998.9167	0.0435824373	-4.1708776772	-3.7911596800	0.0433659559	0.0173402125
1999.0000	0.0093308967	-4.1759180002	-3.8273275673	0.0433946823	0.0173848071
1999.0833	-0.0278002801	-4.1524538860	-3.7905056519	0.0453557017	0.0179610909
1999.1667	0.0242220487	-4.1684462357	-3.8245754183	0.0435383020	0.0195291700
1999.2500	0.0478769442	-4.2261582283	-3.8571390350	0.0441508477	0.0207310401
1999.3333	-0.0221663610	-4.1610679252	-3.8271950045	0.0450594040	0.0237531868
1999.4167	0.0374349792	-4.1990253071	-3.8755683370	0.0463109029	0.0263824663
1999.5000	-0.0386638426	-4.1597318717	-3.8370826324	0.0459862368	0.0258944727
1999.5833	-0.0263432022	-4.1336720233	-3.8249287452	0.0477705970	0.0273731107
1999.6667	-0.0340825802	-4.0941580528	-3.7901157428	0.0469217531	0.0272704271
1999.7500	0.0519801151	-4.1504673274	-3.8435374134	0.0492376831	0.0300519038
1999.8333	0.0058847648	-4.1523681965	-3.8552316867	0.0511777877	0.0263214067
1999.9167	0.0292901752	-4.1815295126	-3.9043276609	0.0518996105	0.0230245485
2000.0000	-0.0472540933	-4.1369345771	-3.8438766979	0.0548101032	0.0224623125
2000.0833	-0.0435425438	-4.0879368878	-3.8154242882	0.0557184888	0.0222175021
2000.1667	0.0864227038	-4.1795530772	-3.8996744677	0.0565504513	0.0170841859
2000.2500	-0.0121875878	-4.1543550553	-3.8600096947	0.0561629185	0.0222638476
2000.3333	-0.0063079697	-4.1761410625	-3.8295357848	0.0542987734	0.0311783183
2000.4167	-0.0011037109	-4.1914145774	-3.8449408449	0.0566260499	0.0191380390
2000.5000	-0.0049822477	-4.1950574153	-3.8199401458	0.0598619781	0.0166260708
2000.5833	0.0509567096	-4.2291598903	-3.8704159758	0.0606810908	0.0123116475
2000.6667	-0.0197630843	-4.2343086476	-3.8070680687	0.0597583644	0.0159224119
2000.7500	-0.0039823035	-4.2294794854	-3.7946494458	0.0609916133	0.0142620771
2000.8333	-0.0575480540	-4.1603835598	-3.7037916673	0.0597583644	0.0124645172
2000.9167	0.0367910133	-4.2118810915	-3.7004895978	0.0567961260	0.0135320570
2001.0000	0.0087438755	-4.2117392981	-3.7282837845	0.0483900841	0.0219183496
2001.0833	-0.0620338270	-4.1517319554	-3.6252354489	0.0471698045	0.0196788254
2001.1667	-0.0556976470	-4.1136940747	-3.5526982354	0.0418230933	0.0241057592
2001.2500	0.0614024795	-4.1800314140	-3.6223425669	0.0379025370	0.0327892009
2001.3333	0.0102583622	-4.1882201160	-3.6230760462	0.0353961009	0.0364953782
2001.4167	-0.0316044257	-4.1678478911	-3.5934297003	0.0356373776	0.0357596448
2001.5000	-0.0080280155	-4.1530811141	-3.5800063776	0.0345849847	0.0331196946
2001.5833	-0.0505861061	-4.1076730392	-3.5111650425	0.0328736903	0.0346622531
2001.6667	-0.0780422649	-4.0221333425	-3.4233292708	0.0231401887	0.0457445130
2001.7500	0.0036791054	-4.0235981750	-3.4391277163	0.0200476953	0.0472250064
2001.8333	0.0594409529	-4.0982416283	-3.5094777928	0.0176729101	0.0502458366
2001.9167	0.0181786684	-4.1053944204	-3.5148933562	0.0169751042	0.0492791851
2002.0000	-0.0197554877	-4.0867435034	-3.4971253421	0.0174272593	0.0466952226
2002.0833	-0.0013928450	-4.0822334316	-3.4740730977	0.0173977772	0.0458871433
2002.1667	0.0369798811	-4.1263002659	-3.5080900815	0.0176729101	0.0489259285
2002.2500	-0.0435216533	-4.0912213252	-3.4423586534	0.0173486383	0.0480350166
2002.3333	-0.0048311832	-4.0946014589	-3.4308944602	0.0170734162	0.0485705162
2002.4167	-0.0694690609	-3.9987094477	-3.3533443347	0.0167292820	0.0476621314
2002.5000	-0.0835493691	-3.9207254923	-3.2681593947	0.0167784512	0.0463993326
2002.5833	0.0100562274	-3.9459304824	-3.2701521706	0.0165227446	0.0453290179
2002.6667	-0.1046398988	-3.8358751972	-3.1507224857	0.0152924718	0.0441049722
2002.7500	0.0590822936	-3.8860629046	-3.2316100079	0.0142480133	0.0471831040
2002.8333	0.0474275478	-3.9347189748	-3.2850806617	0.0121064207	0.0490926274
2002.9167	-0.0453724960	-3.8807404560	-3.2208326836	0.0118593985	0.0489521206
